*3DSMAX_ASCIIEXPORT	110
*COMMENT "[ Kerrax ASCII Model Exporter ] - Feb 25 2013"
*SCENE {
	*SCENE_FILENAME "Goblins.blend"
	*SCENE_FIRSTFRAME 0
	*SCENE_LASTFRAME 100
	*SCENE_FRAMESPEED 25
	*SCENE_TICKSPERFRAME 192
	*SCENE_BACKGROUND_STATIC 0	0	0
	*SCENE_AMBIENT_STATIC 0.2	0.2	0.2
}
*MATERIAL_LIST {
	*MATERIAL_COUNT 1
	*MATERIAL 0 {
		*MATERIAL_NAME "MultiMtl #0"
		*MATERIAL_CLASS "Multi/Sub-Object"
		*NUMSUBMTLS 4
		*SUBMATERIAL 0 {
			*MATERIAL_NAME "ItMeleeRest"
			*MATERIAL_CLASS "Standard"
			*MATERIAL_DIFFUSE 0.5843137502670288	0.5843137502670288	0.5843137502670288
			*MAP_DIFFUSE {
				*BITMAP "ITMELEEREST.TGA"
			}
		}
		*SUBMATERIAL 1 {
			*MATERIAL_NAME "ItMeleeBlades"
			*MATERIAL_CLASS "Standard"
			*MATERIAL_DIFFUSE 0.5843137502670288	0.5843137502670288	0.5843137502670288
			*MAP_DIFFUSE {
				*BITMAP "ITMELEEBLADES.TGA"
			}
		}
		*SUBMATERIAL 2 {
			*MATERIAL_NAME "KAEFER"
			*MATERIAL_CLASS "Standard"
			*MATERIAL_DIFFUSE 0.17647099494934082	0.1490200012922287	0.1294119954109192
			*MAP_DIFFUSE {
				*BITMAP "KAEFER.TGA"
			}
		}
		*SUBMATERIAL 3 {
			*MATERIAL_NAME "BODY01"
			*MATERIAL_CLASS "Standard"
			*MATERIAL_DIFFUSE 0.282353013753891	0.2980389893054962	0.24313700199127197
			*MAP_DIFFUSE {
				*BITMAP "GOB_BODY_V0.TGA"
			}
		}
	}
}
*HELPEROBJECT {
	*NODE_NAME "Bip01"
	*NODE_TM {
		*NODE_NAME "Bip01"
		*TM_ROW0 -7.368119258899242e-05	-1.0	0.0
		*TM_ROW1 1.0	-7.368119258899242e-05	0.0
		*TM_ROW2 0.0	0.0	1.0
		*TM_ROW3 4.410150527954102	35.19880294799805	35.259010314941406
		*TM_POS 4.410150527954102	35.19880294799805	35.259010314941406
		*TM_ROTAXIS 0.0	0.0	1.0
		*TM_ROTANGLE 1.5708700025596878
		*TM_SCALE 1	1	1
		*TM_SCALEAXIS 0	0	0
		*TM_SCALEAXISANG 0	0	0
	}
}
*HELPEROBJECT {
	*NODE_NAME "Bip01 Pelvis"
	*NODE_PARENT "Bip01"
	*NODE_TM {
		*NODE_NAME "Bip01 Pelvis"
		*TM_ROW0 -7.350216037593782e-05	-7.60408365749754e-05	1.0
		*TM_ROW1 5.042336397309555e-06	-1.0	-7.604046550113708e-05
		*TM_ROW2 1.0	5.03674755236716e-06	7.349423685809597e-05
		*TM_ROW3 4.408534526824951	37.995357513427734	35.25720977783203
		*TM_POS 4.408534526824951	37.995357513427734	35.25720977783203
		*TM_ROTAXIS 0.7070807814598083	-2.5102683139266446e-05	0.7071327567100525
		*TM_ROTANGLE 3.141535321236013
		*TM_SCALE 1	1	1
		*TM_SCALEAXIS 0	0	0
		*TM_SCALEAXISANG 0	0	0
	}
}
*HELPEROBJECT {
	*NODE_NAME "Bip01 Spine"
	*NODE_PARENT "Bip01 Pelvis"
	*NODE_TM {
		*NODE_NAME "Bip01 Spine"
		*TM_ROW0 -7.210046896943823e-05	-0.1300855576992035	0.9915015697479248
		*TM_ROW1 1.0807641956489533e-05	-0.9915003776550293	-0.1300855576992035
		*TM_ROW2 0.9999988079071045	1.181334710054216e-06	7.527020352426916e-05
		*TM_ROW3 4.406473159790039	38.006980895996094	38.60301208496094
		*TM_POS 4.406473159790039	38.006980895996094	38.60301208496094
		*TM_ROTAXIS 0.7063272595405579	-0.046137142926454544	0.7063795328140259
		*TM_ROTANGLE 3.0493752736440314
		*TM_SCALE 1	1	1
		*TM_SCALEAXIS 0	0	0
		*TM_SCALEAXISANG 0	0	0
	}
}
*HELPEROBJECT {
	*NODE_NAME "Bip01 Spine1"
	*NODE_PARENT "Bip01 Spine"
	*NODE_TM {
		*NODE_NAME "Bip01 Spine1"
		*TM_ROW0 -6.312095501925796e-05	-0.4661376178264618	0.884712278842926
		*TM_ROW1 3.6049732443643734e-05	-0.8847123384475708	-0.4661376178264618
		*TM_ROW2 1.0	2.4977537123049842e-06	7.25381905795075e-05
		*TM_ROW3 4.403876304626465	36.61819839477539	49.305118560791016
		*TM_POS 4.403876304626465	36.61819839477539	49.305118560791016
		*TM_ROTAXIS 0.6965110301971436	-0.17226409912109375	0.6965612173080444
		*TM_ROTANGLE 2.8003853231398237
		*TM_SCALE 1	1	1
		*TM_SCALEAXIS 0	0	0
		*TM_SCALEAXISANG 0	0	0
	}
}
*HELPEROBJECT {
	*NODE_NAME "Bip01 Spine2"
	*NODE_PARENT "Bip01 Spine1"
	*NODE_TM {
		*NODE_NAME "Bip01 Spine2"
		*TM_ROW0 -2.9784798243781552e-05	-0.8978022336959839	0.4403991997241974
		*TM_ROW1 6.643262895522639e-05	-0.44039931893348694	-0.8978022336959839
		*TM_ROW2 1.0000001192092896	2.6310399334761314e-06	7.257602555910125e-05
		*TM_ROW3 4.401030540466309	29.080402374267578	63.629817962646484
		*TM_POS 4.401030540466309	29.080402374267578	63.629817962646484
		*TM_ROTAXIS 0.6470298767089844	-0.4032931327819824	0.6470758318901062
		*TM_ROTANGLE 2.3748551850027684
		*TM_SCALE 1	1	1
		*TM_SCALEAXIS 0	0	0
		*TM_SCALEAXISANG 0	0	0
	}
}
*HELPEROBJECT {
	*NODE_NAME "Bip01 Neck"
	*NODE_PARENT "Bip01 Spine2"
	*NODE_TM {
		*NODE_NAME "Bip01 Neck"
		*TM_ROW0 -4.056996476720087e-05	-0.8250189423561096	0.5651053786277771
		*TM_ROW1 6.105583452153951e-05	-0.5651055574417114	-0.8250189423561096
		*TM_ROW2 1.0000001192092896	1.174762246591854e-06	7.302765880012885e-05
		*TM_ROW3 4.398890018463135	19.39531707763672	68.38260650634766
		*TM_POS 4.398890018463135	19.39531707763672	68.38260650634766
		*TM_ROTAXIS 0.662554919719696	-0.34925413131713867	0.6626030206680298
		*TM_ROTANGLE 2.469525298916501
		*TM_SCALE 1	1	1
		*TM_SCALEAXIS 0	0	0
		*TM_SCALEAXISANG 0	0	0
	}
}
*HELPEROBJECT {
	*NODE_NAME "Bip01 Head"
	*NODE_PARENT "Bip01 Neck"
	*NODE_TM {
		*NODE_NAME "Bip01 Head"
		*TM_ROW0 -7.08340376149863e-05	-0.17371034622192383	0.9847952127456665
		*TM_ROW1 1.75185614352813e-05	-0.9847936630249023	-0.17371034622192383
		*TM_ROW2 0.9999984502792358	4.678093318943866e-06	7.587961590616032e-05
		*TM_ROW3 4.3970184326171875	18.211816787719727	69.19551849365234
		*TM_POS 4.3970184326171875	18.211816787719727	69.19551849365234
		*TM_ROTAXIS 0.705730140209198	-0.06176426634192467	0.7057822942733765
		*TM_ROTANGLE 3.018205117265035
		*TM_SCALE 1	1	1
		*TM_SCALEAXIS 0	0	0
		*TM_SCALEAXISANG 0	0	0
	}
}
*HELPEROBJECT {
	*NODE_NAME "Bip01 L Clavicle"
	*NODE_PARENT "Bip01 Neck"
	*NODE_TM {
		*NODE_NAME "Bip01 L Clavicle"
		*TM_ROW0 0.881470263004303	0.16676537692546844	-0.4418138861656189
		*TM_ROW1 0.343701034784317	0.4150415360927582	0.842383623123169
		*TM_ROW2 0.3238515257835388	-0.89438796043396	0.3085293173789978
		*TM_ROW3 9.768640518188477	22.50272560119629	69.59561157226562
		*TM_POS 9.768640518188477	22.50272560119629	69.59561157226562
		*TM_ROTAXIS -0.9110761880874634	-0.4016530215740204	0.09281696379184723
		*TM_ROTANGLE 1.2634603182353707
		*TM_SCALE 1	1	1
		*TM_SCALEAXIS 0	0	0
		*TM_SCALEAXISANG 0	0	0
	}
}
*HELPEROBJECT {
	*NODE_NAME "Bip01 L UpperArm"
	*NODE_PARENT "Bip01 L Clavicle"
	*NODE_TM {
		*NODE_NAME "Bip01 L UpperArm"
		*TM_ROW0 0.6800826787948608	0.6531943082809448	-0.3329034745693207
		*TM_ROW1 -0.184556782245636	0.591992199420929	0.7845279574394226
		*TM_ROW2 0.709525465965271	-0.4721042811870575	0.5231550931930542
		*TM_ROW3 18.91674041748047	24.234525680541992	65.00760650634766
		*TM_POS 18.91674041748047	24.234525680541992	65.00760650634766
		*TM_ROTAXIS -0.6847741603851318	-0.5680487751960754	-0.45651406049728394
		*TM_ROTANGLE 1.1618802124644712
		*TM_SCALE 1	1	1
		*TM_SCALEAXIS 0	0	0
		*TM_SCALEAXISANG 0	0	0
	}
}
*HELPEROBJECT {
	*NODE_NAME "Bip01 L Forearm"
	*NODE_PARENT "Bip01 L UpperArm"
	*NODE_TM {
		*NODE_NAME "Bip01 L Forearm"
		*TM_ROW0 0.06478086858987808	-0.6955577731132507	-0.7155436873435974
		*TM_ROW1 0.7016947865486145	0.5415875315666199	-0.46293336153030396
		*TM_ROW2 0.7095264792442322	-0.4721040725708008	0.5231538414955139
		*TM_ROW3 33.08734130859375	37.84563446044922	58.068214416503906
		*TM_POS 33.08734130859375	37.84563446044922	58.068214416503906
		*TM_ROTAXIS -0.0045950026251375675	-0.7140339612960815	0.7000959515571594
		*TM_ROTANGLE 1.5059898988540175
		*TM_SCALE 1	1	1
		*TM_SCALEAXIS 0	0	0
		*TM_SCALEAXISANG 0	0	0
	}
}
*HELPEROBJECT {
	*NODE_NAME "Bip01 L Hand"
	*NODE_PARENT "Bip01 L Forearm"
	*NODE_TM {
		*NODE_NAME "Bip01 L Hand"
		*TM_ROW0 -0.05940871313214302	-0.6030343770980835	-0.7954996824264526
		*TM_ROW1 -0.7094319462776184	0.5861366391181946	-0.3913438022136688
		*TM_ROW2 0.7022652626037598	0.541103720664978	-0.46263349056243896
		*TM_ROW3 34.43473815917969	23.351428985595703	43.15752410888672
		*TM_POS 34.43473815917969	23.351428985595703	43.15752410888672
		*TM_ROTAXIS 0.527549684047699	-0.8473886251449585	-0.060196418315172195
		*TM_ROTANGLE 2.05776957484493
		*TM_SCALE 1	1	1
		*TM_SCALEAXIS 0	0	0
		*TM_SCALEAXISANG 0	0	0
	}
}
*HELPEROBJECT {
	*NODE_NAME "Bip01 L Finger0"
	*NODE_PARENT "Bip01 L Hand"
	*NODE_TM {
		*NODE_NAME "Bip01 L Finger0"
		*TM_ROW0 -0.05941122770309448	-0.6030362844467163	-0.7954980731010437
		*TM_ROW1 -0.7099735140800476	0.5857190489768982	-0.39098677039146423
		*TM_ROW2 0.7017175555229187	0.5415535569190979	-0.4629380702972412
		*TM_ROW3 33.85713577270508	17.486133575439453	35.42461395263672
		*TM_POS 33.85713577270508	17.486133575439453	35.42461395263672
		*TM_ROTAXIS 0.5277168154716492	-0.8472618460655212	-0.06051488593220711
		*TM_ROTANGLE 2.0581796061747073
		*TM_SCALE 1	1	1
		*TM_SCALEAXIS 0	0	0
		*TM_SCALEAXISANG 0	0	0
	}
}
*HELPEROBJECT {
	*NODE_NAME "Bip01 R Clavicle"
	*NODE_PARENT "Bip01 Neck"
	*NODE_TM {
		*NODE_NAME "Bip01 R Clavicle"
		*TM_ROW0 -0.8814072012901306	0.16675938665866852	-0.44194158911705017
		*TM_ROW1 -0.34382498264312744	0.4150417149066925	0.8423328399658203
		*TM_ROW2 0.3238911032676697	0.8943889141082764	-0.30848458409309387
		*TM_ROW3 -0.974680483341217	22.502613067626953	69.5948257446289
		*TM_POS -0.974680483341217	22.502613067626953	69.5948257446289
		*TM_ROTAXIS 0.056465864181518555	-0.8307080864906311	-0.5538371205329895
		*TM_ROTANGLE 2.66252528690468
		*TM_SCALE 1	1	1
		*TM_SCALEAXIS 0	0	0
		*TM_SCALEAXISANG 0	0	0
	}
}
*HELPEROBJECT {
	*NODE_NAME "Bip01 R UpperArm"
	*NODE_PARENT "Bip01 R Clavicle"
	*NODE_TM {
		*NODE_NAME "Bip01 R UpperArm"
		*TM_ROW0 -0.6800366640090942	0.6531916260719299	-0.33300238847732544
		*TM_ROW1 0.18443883955478668	0.5919919610023499	0.7845557928085327
		*TM_ROW2 0.709600031375885	0.47210821509361267	-0.5230501294136047
		*TM_ROW3 -10.123266220092773	24.2312068939209	65.00662231445312
		*TM_POS -10.123266220092773	24.2312068939209	65.00662231445312
		*TM_ROTAXIS -0.2636549770832062	-0.879787027835846	-0.3955511748790741
		*TM_ROTANGLE 2.507395314457801
		*TM_SCALE 1	1	1
		*TM_SCALEAXIS 0	0	0
		*TM_SCALEAXISANG 0	0	0
	}
}
*HELPEROBJECT {
	*NODE_NAME "Bip01 R Forearm"
	*NODE_PARENT "Bip01 R UpperArm"
	*NODE_TM {
		*NODE_NAME "Bip01 R Forearm"
		*TM_ROW0 -0.06467345356941223	-0.6955584287643433	-0.7155526876449585
		*TM_ROW1 -0.7016294598579407	0.5415843725204468	-0.4630360007286072
		*TM_ROW2 0.7096007466316223	0.4721066951751709	-0.5230504274368286
		*TM_ROW3 -24.295568466186523	37.840518951416016	58.06702423095703
		*TM_POS -24.295568466186523	37.840518951416016	58.06702423095703
		*TM_ROTAXIS 0.5486060976982117	-0.8360732793807983	-0.0035616131499409676
		*TM_ROTANGLE 2.1212453091230006
		*TM_SCALE 1	1	1
		*TM_SCALEAXIS 0	0	0
		*TM_SCALEAXISANG 0	0	0
	}
}
*HELPEROBJECT {
	*NODE_NAME "Bip01 R Hand"
	*NODE_PARENT "Bip01 R Forearm"
	*NODE_TM {
		*NODE_NAME "Bip01 R Hand"
		*TM_ROW0 0.05952585116028786	-0.6030340790748596	-0.7954913973808289
		*TM_ROW1 0.70948725938797	0.5861386060714722	-0.39124083518981934
		*TM_ROW2 0.7021997570991516	-0.5411020517349243	0.4627353847026825
		*TM_ROW3 -25.643268585205078	23.3446044921875	43.15803146362305
		*TM_POS -25.643268585205078	23.3446044921875	43.15803146362305
		*TM_ROTAXIS -0.07504091411828995	-0.7499479055404663	0.6572266817092896
		*TM_ROTANGLE 1.5165698708583493
		*TM_SCALE 1	1	1
		*TM_SCALEAXIS 0	0	0
		*TM_SCALEAXISANG 0	0	0
	}
}
*HELPEROBJECT {
	*NODE_NAME "Bip01 R Finger0"
	*NODE_PARENT "Bip01 R Hand"
	*NODE_TM {
		*NODE_NAME "Bip01 R Finger0"
		*TM_ROW0 0.059533391147851944	-0.6030343174934387	-0.7954906225204468
		*TM_ROW1 0.7100264430046082	0.5857254862785339	-0.39088112115859985
		*TM_ROW2 0.7016538977622986	-0.5415489673614502	0.4630405604839325
		*TM_ROW3 -25.066959381103516	17.48130226135254	35.42352294921875
		*TM_POS -25.066959381103516	17.48130226135254	35.42352294921875
		*TM_ROTAXIS -0.07544460147619247	-0.7496721744537354	0.6574950218200684
		*TM_ROTANGLE 1.5166201429346855
		*TM_SCALE 1	1	1
		*TM_SCALEAXIS 0	0	0
		*TM_SCALEAXISANG 0	0	0
	}
}
*HELPEROBJECT {
	*NODE_NAME "ZS_RIGHTHAND"
	*NODE_PARENT "Bip01 R Hand"
	*NODE_TM {
		*NODE_NAME "ZS_RIGHTHAND"
		*TM_ROW0 -0.6957952380180359	0.5624344348907471	-0.44669485092163086
		*TM_ROW1 -0.11325813829898834	0.5282308459281921	0.8415133357048035
		*TM_ROW2 0.7092540860176086	0.6361128687858582	-0.30384019017219543
		*TM_ROW3 -20.49008560180664	15.72694206237793	41.95591354370117
		*TM_POS -20.49008560180664	15.72694206237793	41.95591354370117
		*TM_ROTAXIS -0.151630699634552	-0.8533445596694946	-0.49880972504615784
		*TM_ROTANGLE 2.397499496574889
		*TM_SCALE 1	1	1
		*TM_SCALEAXIS 0	0	0
		*TM_SCALEAXISANG 0	0	0
	}
}
*HELPEROBJECT {
	*NODE_NAME "Bip01 L Thigh"
	*NODE_PARENT "Bip01 Spine"
	*NODE_TM {
		*NODE_NAME "Bip01 L Thigh"
		*TM_ROW0 0.21151407063007355	-0.7979288697242737	-0.564421534538269
		*TM_ROW1 0.07898212224245071	-0.5616443753242493	0.8236006498336792
		*TM_ROW2 -0.9741786122322083	-0.2187824547290802	-0.055773813277482986
		*TM_ROW3 14.803035736083984	38.00202941894531	35.25541305541992
		*TM_POS 14.803035736083984	38.00202941894531	35.25541305541992
		*TM_ROTAXIS -0.732795238494873	0.28805920481681824	0.6164683699607849
		*TM_ROTANGLE 2.3503354013528925
		*TM_SCALE 1	1	1
		*TM_SCALEAXIS 0	0	0
		*TM_SCALEAXISANG 0	0	0
	}
}
*HELPEROBJECT {
	*NODE_NAME "Bip01 L Calf"
	*NODE_PARENT "Bip01 L Thigh"
	*NODE_TM {
		*NODE_NAME "Bip01 L Calf"
		*TM_ROW0 -0.13443508744239807	0.7605335712432861	-0.6352291107177734
		*TM_ROW1 0.18139277398586273	-0.6113290190696716	-0.7703074812889099
		*TM_ROW2 -0.9741786122322083	-0.21878227591514587	-0.05577130615711212
		*TM_ROW3 19.69783592224121	19.544504165649414	22.19691276550293
		*TM_POS 19.69783592224121	19.544504165649414	22.19691276550293
		*TM_ROTAXIS 0.6349567770957947	0.39022383093833923	-0.6667498350143433
		*TM_ROTANGLE 2.6923300630015707
		*TM_SCALE 1	1	1
		*TM_SCALEAXIS 0	0	0
		*TM_SCALEAXISANG 0	0	0
	}
}
*HELPEROBJECT {
	*NODE_NAME "Bip01 L Foot"
	*NODE_PARENT "Bip01 L Calf"
	*NODE_TM {
		*NODE_NAME "Bip01 L Foot"
		*TM_ROW0 0.0006070103845559061	7.968700083438307e-05	-0.9999998211860657
		*TM_ROW1 0.4228118658065796	-0.9062175154685974	0.0001844448415795341
		*TM_ROW2 -0.9062172770500183	-0.422811895608902	-0.0005838092183694243
		*TM_ROW3 16.58924102783203	37.139793395996094	7.503333568572998
		*TM_POS 16.58924102783203	37.139793395996094	7.503333568572998
		*TM_ROTAXIS -0.6987871527671814	-0.15492811799049377	0.6983507871627808
		*TM_ROTANGLE 2.8341054544411732
		*TM_SCALE 1	1	1
		*TM_SCALEAXIS 0	0	0
		*TM_SCALEAXISANG 0	0	0
	}
}
*HELPEROBJECT {
	*NODE_NAME "Bip01 L Toe0"
	*NODE_PARENT "Bip01 L Foot"
	*NODE_TM {
		*NODE_NAME "Bip01 L Toe0"
		*TM_ROW0 0.422806978225708	-0.9062197804450989	0.00010999548976542428
		*TM_ROW1 -0.0005774677847512066	-0.00014811047003604472	0.9999998807907104
		*TM_ROW2 -0.9062196016311646	-0.4228070378303528	-0.0005859722150489688
		*TM_ROW3 23.629539489746094	22.06220054626465	1.9119911193847656
		*TM_POS 23.629539489746094	22.06220054626465	1.9119911193847656
		*TM_ROTAXIS -0.7431041598320007	0.4733582139015198	0.47299924492836
		*TM_ROTANGLE 1.8639402144380244
		*TM_SCALE 1	1	1
		*TM_SCALEAXIS 0	0	0
		*TM_SCALEAXISANG 0	0	0
	}
}
*HELPEROBJECT {
	*NODE_NAME "Bip01 R Thigh"
	*NODE_PARENT "Bip01 Spine"
	*NODE_TM {
		*NODE_NAME "Bip01 R Thigh"
		*TM_ROW0 -0.21146485209465027	-0.7979286909103394	-0.564440131187439
		*TM_ROW1 -0.07900697737932205	-0.5616549849510193	0.8235908150672913
		*TM_ROW2 -0.9741871953010559	0.21875512599945068	0.055728185921907425
		*TM_ROW3 -5.989967346191406	38.00197982788086	35.25381088256836
		*TM_POS -5.989967346191406	38.00197982788086	35.25381088256836
		*TM_ROTAXIS -0.5900998711585999	0.3997642397880554	0.7014063000679016
		*TM_ROTANGLE 2.60351538311982
		*TM_SCALE 1	1	1
		*TM_SCALEAXIS 0	0	0
		*TM_SCALEAXISANG 0	0	0
	}
}
*HELPEROBJECT {
	*NODE_NAME "Bip01 R Calf"
	*NODE_PARENT "Bip01 R Thigh"
	*NODE_TM {
		*NODE_NAME "Bip01 R Calf"
		*TM_ROW0 0.13444353640079498	0.7605451345443726	-0.6352139711380005
		*TM_ROW1 -0.1813436895608902	-0.6113246083259583	-0.7703233957290649
		*TM_ROW2 -0.9741869568824768	0.21875730156898499	0.055730707943439484
		*TM_ROW3 -10.879966735839844	19.543712615966797	22.19481086730957
		*TM_POS -10.879966735839844	19.543712615966797	22.19481086730957
		*TM_ROTAXIS 0.702849268913269	0.24087710678577423	-0.6693143248558044
		*TM_ROTANGLE 2.3611103605257906
		*TM_SCALE 1	1	1
		*TM_SCALEAXIS 0	0	0
		*TM_SCALEAXISANG 0	0	0
	}
}
*HELPEROBJECT {
	*NODE_NAME "Bip01 R Foot"
	*NODE_PARENT "Bip01 R Calf"
	*NODE_TM {
		*NODE_NAME "Bip01 R Foot"
		*TM_ROW0 -0.0005588803323917091	9.27632354432717e-05	-0.9999998807907104
		*TM_ROW1 -0.4227803349494934	-0.9062322378158569	0.0001522126840427518
		*TM_ROW2 -0.9062320590019226	0.4227803349494934	0.0005456671351566911
		*TM_ROW3 -7.767666816711426	37.13844299316406	7.501301288604736
		*TM_POS -7.767666816711426	37.13844299316406	7.501301288604736
		*TM_ROTAXIS 0.6983646750450134	-0.1549450308084488	-0.6987695097923279
		*TM_ROTANGLE 2.8341899577061573
		*TM_SCALE 1	1	1
		*TM_SCALEAXIS 0	0	0
		*TM_SCALEAXISANG 0	0	0
	}
}
*HELPEROBJECT {
	*NODE_NAME "Bip01 R Toe0"
	*NODE_PARENT "Bip01 R Foot"
	*NODE_TM {
		*NODE_NAME "Bip01 R Toe0"
		*TM_ROW0 -0.42278024554252625	-0.9062319397926331	7.982269016792998e-05
		*TM_ROW1 0.0005281910416670144	-0.00015814212383702397	0.9999996423721313
		*TM_ROW2 -0.9062317609786987	0.42278042435646057	0.0005457942606881261
		*TM_ROW3 -14.80396556854248	22.059112548828125	1.9094558954238892
		*TM_POS -14.80396556854248	22.059112548828125	1.9094558954238892
		*TM_ROTAXIS -0.4105440378189087	0.6446092128753662	0.6449282169342041
		*TM_ROTANGLE 2.3619953383561487
		*TM_SCALE 1	1	1
		*TM_SCALEAXIS 0	0	0
		*TM_SCALEAXISANG 0	0	0
	}
}
*GEOMOBJECT {
	*NODE_NAME "zm_Dagger"
	*NODE_PARENT "Bip01"
	*NODE_TM {
		*NODE_NAME "zm_Dagger"
		*TM_ROW0 1.0	0.0	0.0
		*TM_ROW1 0.0	1.0	0.0
		*TM_ROW2 0.0	0.0	1.0
		*TM_ROW3 4.1893744468688965	34.36631393432617	0.0
		*TM_POS 4.1893744468688965	34.36631393432617	0.0
		*TM_ROTAXIS 0.0	0.0	1.0
		*TM_ROTANGLE 0.0
		*TM_SCALE 1	1	1
		*TM_SCALEAXIS 0	0	0
		*TM_SCALEAXISANG 0	0	0
	}
	*MATERIAL_REF 0
	*MESH_SOFTSKIN {
		*TIMEVALUE 0
		*MESH_NUMVERTEX 53
		*MESH_NUMFACES 42
		*MESH_VERTEX_LIST {
			*MESH_VERTEX 0	-13.63557243347168	62.336612701416016	29.8257999420166
			*MESH_VERTEX 1	-11.883968353271484	56.68270492553711	36.25172805786133
			*MESH_VERTEX 2	-12.669313430786133	55.40574645996094	34.66245651245117
			*MESH_VERTEX 3	-12.208673477172852	54.26738739013672	32.85548782348633
			*MESH_VERTEX 4	-11.423327445983887	55.544342041015625	34.44476318359375
			*MESH_VERTEX 5	-8.690905570983887	39.76897430419922	43.764896392822266
			*MESH_VERTEX 6	-6.782200813293457	31.78055191040039	49.60185241699219
			*MESH_VERTEX 7	-6.211669921875	32.96799850463867	50.002037048339844
			*MESH_VERTEX 8	-7.9806060791015625	40.6049919128418	44.73945999145508
			*MESH_VERTEX 9	-8.484582901000977	41.30650329589844	45.92698287963867
			*MESH_VERTEX 10	-6.616931915283203	33.000648498535156	51.31704330444336
			*MESH_VERTEX 11	-7.423750877380371	32.83317565917969	50.21380615234375
			*MESH_VERTEX 12	-9.192691802978516	40.47016906738281	44.951236724853516
			*MESH_VERTEX 13	-6.526489734649658	30.262941360473633	50.0954704284668
			*MESH_VERTEX 14	-5.7054853439331055	30.482179641723633	51.721614837646484
			*MESH_VERTEX 15	-6.296984672546387	31.970115661621094	52.495975494384766
			*MESH_VERTEX 16	-6.781874656677246	30.362451553344727	51.90966796875
			*MESH_VERTEX 17	-9.375965118408203	41.18681716918945	44.459693908691406
			*MESH_VERTEX 18	-8.925695419311523	39.97134017944336	42.54429244995117
			*MESH_VERTEX 19	-8.12997817993164	41.32541275024414	44.242000579833984
			*MESH_VERTEX 20	-8.58025074005127	42.5408935546875	46.15740203857422
			*MESH_VERTEX 21	-7.655753135681152	40.03158950805664	45.11679458618164
			*MESH_VERTEX 22	-9.169973373413086	39.8631591796875	45.38134765625
			*MESH_VERTEX 23	-8.196614265441895	41.94047927856445	47.54053497314453
			*MESH_VERTEX 24	-8.403550148010254	42.83391189575195	46.9249267578125
			*MESH_VERTEX 25	-8.055827140808105	41.75889587402344	43.926631927490234
			*MESH_VERTEX 26	-9.570047378540039	41.5904655456543	44.19118881225586
			*MESH_VERTEX 27	-8.66737174987793	38.438785552978516	42.61669921875
			*MESH_VERTEX 28	-8.874309539794922	39.332218170166016	42.0010986328125
			*MESH_VERTEX 29	-8.874309539794922	39.332218170166016	42.0010986328125
			*MESH_VERTEX 30	-9.570047378540039	41.5904655456543	44.19118881225586
			*MESH_VERTEX 31	-8.055827140808105	41.75889587402344	43.926631927490234
			*MESH_VERTEX 32	-9.169973373413086	39.8631591796875	45.38134765625
			*MESH_VERTEX 33	-8.66737174987793	38.438785552978516	42.61669921875
			*MESH_VERTEX 34	-7.655753135681152	40.03158950805664	45.11679458618164
			*MESH_VERTEX 35	-9.570047378540039	41.5904655456543	44.19118881225586
			*MESH_VERTEX 36	-8.403550148010254	42.83391189575195	46.9249267578125
			*MESH_VERTEX 37	-8.055827140808105	41.75889587402344	43.926631927490234
			*MESH_VERTEX 38	-8.196614265441895	41.94047927856445	47.54053497314453
			*MESH_VERTEX 39	-9.169973373413086	39.8631591796875	45.38134765625
			*MESH_VERTEX 40	-7.655753135681152	40.03158950805664	45.11679458618164
			*MESH_VERTEX 41	-7.423750877380371	32.83317565917969	50.21380615234375
			*MESH_VERTEX 42	-6.782200813293457	31.78055191040039	49.60185241699219
			*MESH_VERTEX 43	-7.423750877380371	32.83317565917969	50.21380615234375
			*MESH_VERTEX 44	-7.423750877380371	32.83317565917969	50.21380615234375
			*MESH_VERTEX 45	-7.423750877380371	32.83317565917969	50.21380615234375
			*MESH_VERTEX 46	-6.616931915283203	33.000648498535156	51.31704330444336
			*MESH_VERTEX 47	-6.211669921875	32.96799850463867	50.002037048339844
			*MESH_VERTEX 48	-6.616931915283203	33.000648498535156	51.31704330444336
			*MESH_VERTEX 49	-6.211669921875	32.96799850463867	50.002037048339844
			*MESH_VERTEX 50	-6.211669921875	32.96799850463867	50.002037048339844
			*MESH_VERTEX 51	-6.211669921875	32.96799850463867	50.002037048339844
			*MESH_VERTEX 52	-6.782200813293457	31.78055191040039	49.60185241699219
		}
		*MESH_FACE_LIST {
			*MESH_FACE    0:    A:    28 B:    22 C:    26 AB:    1 BC:    1 CA:    1	 *MESH_SMOOTHING 0 	*MESH_MTLID 0
			*MESH_FACE    1:    A:    23 B:    21 C:    25 AB:    1 BC:    1 CA:    1	 *MESH_SMOOTHING 0 	*MESH_MTLID 0
			*MESH_FACE    2:    A:    22 B:    23 C:    24 AB:    1 BC:    1 CA:    1	 *MESH_SMOOTHING 0 	*MESH_MTLID 0
			*MESH_FACE    3:    A:    27 B:    28 C:    25 AB:    1 BC:    1 CA:    1	 *MESH_SMOOTHING 0 	*MESH_MTLID 0
			*MESH_FACE    4:    A:    29 B:    30 C:    31 AB:    1 BC:    1 CA:    1	 *MESH_SMOOTHING 0 	*MESH_MTLID 0
			*MESH_FACE    5:    A:    28 B:    27 C:    22 AB:    1 BC:    1 CA:    1	 *MESH_SMOOTHING 0 	*MESH_MTLID 0
			*MESH_FACE    6:    A:    25 B:    21 C:    27 AB:    1 BC:    1 CA:    1	 *MESH_SMOOTHING 0 	*MESH_MTLID 0
			*MESH_FACE    7:    A:    32 B:    33 C:    34 AB:    1 BC:    1 CA:    1	 *MESH_SMOOTHING 0 	*MESH_MTLID 0
			*MESH_FACE    8:    A:    35 B:    36 C:    37 AB:    1 BC:    1 CA:    1	 *MESH_SMOOTHING 0 	*MESH_MTLID 0
			*MESH_FACE    9:    A:    24 B:    26 C:    22 AB:    1 BC:    1 CA:    1	 *MESH_SMOOTHING 0 	*MESH_MTLID 0
			*MESH_FACE    10:    A:    25 B:    24 C:    23 AB:    1 BC:    1 CA:    1	 *MESH_SMOOTHING 0 	*MESH_MTLID 0
			*MESH_FACE    11:    A:    38 B:    39 C:    40 AB:    1 BC:    1 CA:    1	 *MESH_SMOOTHING 0 	*MESH_MTLID 0
			*MESH_FACE    12:    A:    1 B:    2 C:    17 AB:    1 BC:    1 CA:    1	 *MESH_SMOOTHING 0 	*MESH_MTLID 1
			*MESH_FACE    13:    A:    20 B:    1 C:    17 AB:    1 BC:    1 CA:    1	 *MESH_SMOOTHING 0 	*MESH_MTLID 1
			*MESH_FACE    14:    A:    19 B:    18 C:    3 AB:    1 BC:    1 CA:    1	 *MESH_SMOOTHING 0 	*MESH_MTLID 1
			*MESH_FACE    15:    A:    3 B:    4 C:    19 AB:    1 BC:    1 CA:    1	 *MESH_SMOOTHING 0 	*MESH_MTLID 1
			*MESH_FACE    16:    A:    19 B:    4 C:    1 AB:    1 BC:    1 CA:    1	 *MESH_SMOOTHING 0 	*MESH_MTLID 1
			*MESH_FACE    17:    A:    1 B:    20 C:    19 AB:    1 BC:    1 CA:    1	 *MESH_SMOOTHING 0 	*MESH_MTLID 1
			*MESH_FACE    18:    A:    17 B:    2 C:    3 AB:    1 BC:    1 CA:    1	 *MESH_SMOOTHING 0 	*MESH_MTLID 1
			*MESH_FACE    19:    A:    3 B:    18 C:    17 AB:    1 BC:    1 CA:    1	 *MESH_SMOOTHING 0 	*MESH_MTLID 1
			*MESH_FACE    20:    A:    16 B:    13 C:    14 AB:    1 BC:    1 CA:    1	 *MESH_SMOOTHING 0 	*MESH_MTLID 0
			*MESH_FACE    21:    A:    14 B:    15 C:    16 AB:    1 BC:    1 CA:    1	 *MESH_SMOOTHING 0 	*MESH_MTLID 0
			*MESH_FACE    22:    A:    16 B:    15 C:    10 AB:    1 BC:    1 CA:    1	 *MESH_SMOOTHING 0 	*MESH_MTLID 0
			*MESH_FACE    23:    A:    16 B:    10 C:    11 AB:    1 BC:    1 CA:    1	 *MESH_SMOOTHING 0 	*MESH_MTLID 0
			*MESH_FACE    24:    A:    16 B:    11 C:    6 AB:    1 BC:    1 CA:    1	 *MESH_SMOOTHING 0 	*MESH_MTLID 0
			*MESH_FACE    25:    A:    16 B:    6 C:    13 AB:    1 BC:    1 CA:    1	 *MESH_SMOOTHING 0 	*MESH_MTLID 0
			*MESH_FACE    26:    A:    14 B:    10 C:    15 AB:    1 BC:    1 CA:    1	 *MESH_SMOOTHING 0 	*MESH_MTLID 0
			*MESH_FACE    27:    A:    14 B:    7 C:    10 AB:    1 BC:    1 CA:    1	 *MESH_SMOOTHING 0 	*MESH_MTLID 0
			*MESH_FACE    28:    A:    14 B:    6 C:    7 AB:    1 BC:    1 CA:    1	 *MESH_SMOOTHING 0 	*MESH_MTLID 0
			*MESH_FACE    29:    A:    14 B:    13 C:    6 AB:    1 BC:    1 CA:    1	 *MESH_SMOOTHING 0 	*MESH_MTLID 0
			*MESH_FACE    30:    A:    41 B:    5 C:    42 AB:    1 BC:    1 CA:    1	 *MESH_SMOOTHING 0 	*MESH_MTLID 0
			*MESH_FACE    31:    A:    5 B:    43 C:    12 AB:    1 BC:    1 CA:    1	 *MESH_SMOOTHING 0 	*MESH_MTLID 0
			*MESH_FACE    32:    A:    44 B:    9 C:    12 AB:    1 BC:    1 CA:    1	 *MESH_SMOOTHING 0 	*MESH_MTLID 0
			*MESH_FACE    33:    A:    45 B:    46 C:    9 AB:    1 BC:    1 CA:    1	 *MESH_SMOOTHING 0 	*MESH_MTLID 0
			*MESH_FACE    34:    A:    47 B:    9 C:    48 AB:    1 BC:    1 CA:    1	 *MESH_SMOOTHING 0 	*MESH_MTLID 0
			*MESH_FACE    35:    A:    9 B:    49 C:    8 AB:    1 BC:    1 CA:    1	 *MESH_SMOOTHING 0 	*MESH_MTLID 0
			*MESH_FACE    36:    A:    50 B:    5 C:    8 AB:    1 BC:    1 CA:    1	 *MESH_SMOOTHING 0 	*MESH_MTLID 0
			*MESH_FACE    37:    A:    51 B:    52 C:    5 AB:    1 BC:    1 CA:    1	 *MESH_SMOOTHING 0 	*MESH_MTLID 0
			*MESH_FACE    38:    A:    4 B:    3 C:    0 AB:    1 BC:    1 CA:    1	 *MESH_SMOOTHING 0 	*MESH_MTLID 1
			*MESH_FACE    39:    A:    1 B:    4 C:    0 AB:    1 BC:    1 CA:    1	 *MESH_SMOOTHING 0 	*MESH_MTLID 1
			*MESH_FACE    40:    A:    3 B:    2 C:    0 AB:    1 BC:    1 CA:    1	 *MESH_SMOOTHING 0 	*MESH_MTLID 1
			*MESH_FACE    41:    A:    2 B:    1 C:    0 AB:    1 BC:    1 CA:    1	 *MESH_SMOOTHING 0 	*MESH_MTLID 1
		}
		*MESH_NUMTVERTEX 126
		*MESH_TVERTLIST {
			*MESH_TVERT 0	0.26851481199264526	0.1344064176082611	0
			*MESH_TVERT 1	0.13424956798553467	0.19682767987251282	0
			*MESH_TVERT 2	0.13424956798553467	0.13413110375404358	0
			*MESH_TVERT 3	-1.5729874576209113e-05	0.1969374716281891	0
			*MESH_TVERT 4	0.13424956798553467	0.19682767987251282	0
			*MESH_TVERT 5	0.13424956798553467	0.13413110375404358	0
			*MESH_TVERT 6	0.13424956798553467	0.19682767987251282	0
			*MESH_TVERT 7	-1.5729874576209113e-05	0.1969374716281891	0
			*MESH_TVERT 8	-1.5729874576209113e-05	0.1344064176082611	0
			*MESH_TVERT 9	0.26851481199264526	0.1969374716281891	0
			*MESH_TVERT 10	0.26851481199264526	0.1344064176082611	0
			*MESH_TVERT 11	0.13424956798553467	0.13413110375404358	0
			*MESH_TVERT 12	0.012264671735465527	0.16132749617099762	0
			*MESH_TVERT 13	0.13864858448505402	0.191282719373703	0
			*MESH_TVERT 14	0.13864858448505402	0.1340954452753067	0
			*MESH_TVERT 15	0.26851481199264526	0.1344064176082611	0
			*MESH_TVERT 16	0.26851481199264526	0.1969374716281891	0
			*MESH_TVERT 17	0.13424956798553467	0.19682767987251282	0
			*MESH_TVERT 18	0.13424956798553467	0.13413110375404358	0
			*MESH_TVERT 19	0.13424956798553467	0.19682767987251282	0
			*MESH_TVERT 20	0.26851481199264526	0.1969374716281891	0
			*MESH_TVERT 21	0.13864858448505402	0.191282719373703	0
			*MESH_TVERT 22	0.012264671735465527	0.16132749617099762	0
			*MESH_TVERT 23	0.13864858448505402	0.1340954452753067	0
			*MESH_TVERT 24	0.13864858448505402	0.191282719373703	0
			*MESH_TVERT 25	0.26503247022628784	0.16132749617099762	0
			*MESH_TVERT 26	0.13864858448505402	0.1340954452753067	0
			*MESH_TVERT 27	-1.5729874576209113e-05	0.1344064176082611	0
			*MESH_TVERT 28	0.13424956798553467	0.13413110375404358	0
			*MESH_TVERT 29	0.13424956798553467	0.19682767987251282	0
			*MESH_TVERT 30	0.13424956798553467	0.13413110375404358	0
			*MESH_TVERT 31	-1.5729874576209113e-05	0.1344064176082611	0
			*MESH_TVERT 32	-1.5729874576209113e-05	0.1969374716281891	0
			*MESH_TVERT 33	0.26503247022628784	0.16132749617099762	0
			*MESH_TVERT 34	0.13864858448505402	0.191282719373703	0
			*MESH_TVERT 35	0.13864858448505402	0.1340954452753067	0
			*MESH_TVERT 36	0.8223459124565125	0.8771185278892517	0
			*MESH_TVERT 37	0.8709709048271179	0.8771184086799622	0
			*MESH_TVERT 38	0.8709709048271179	0.5273234844207764	0
			*MESH_TVERT 39	0.822139322757721	0.5273235440254211	0
			*MESH_TVERT 40	0.8223459124565125	0.8771185278892517	0
			*MESH_TVERT 41	0.8709709048271179	0.5273234844207764	0
			*MESH_TVERT 42	0.8709709048271179	0.5273234844207764	0
			*MESH_TVERT 43	0.9088242053985596	0.5273234844207764	0
			*MESH_TVERT 44	0.9085855484008789	0.8771184086799622	0
			*MESH_TVERT 45	0.9085855484008789	0.8771184086799622	0
			*MESH_TVERT 46	0.8709709048271179	0.8771184086799622	0
			*MESH_TVERT 47	0.8709709048271179	0.5273234844207764	0
			*MESH_TVERT 48	0.8709709048271179	0.5273234844207764	0
			*MESH_TVERT 49	0.8709709048271179	0.8771184086799622	0
			*MESH_TVERT 50	0.8223459124565125	0.8771185278892517	0
			*MESH_TVERT 51	0.8223459124565125	0.8771185278892517	0
			*MESH_TVERT 52	0.822139322757721	0.5273235440254211	0
			*MESH_TVERT 53	0.8709709048271179	0.5273234844207764	0
			*MESH_TVERT 54	0.8709709048271179	0.5273234844207764	0
			*MESH_TVERT 55	0.8709709048271179	0.8771184086799622	0
			*MESH_TVERT 56	0.9085855484008789	0.8771184086799622	0
			*MESH_TVERT 57	0.9085855484008789	0.8771184086799622	0
			*MESH_TVERT 58	0.9088242053985596	0.5273234844207764	0
			*MESH_TVERT 59	0.8709709048271179	0.5273234844207764	0
			*MESH_TVERT 60	0.5766271948814392	0.17719432711601257	0
			*MESH_TVERT 61	0.6261808276176453	0.14928819239139557	0
			*MESH_TVERT 62	0.5766271948814392	0.17719432711601257	0
			*MESH_TVERT 63	0.5766271948814392	0.17719432711601257	0
			*MESH_TVERT 64	0.5293261408805847	0.14928819239139557	0
			*MESH_TVERT 65	0.5766271948814392	0.17719432711601257	0
			*MESH_TVERT 66	0.5766271948814392	0.17719432711601257	0
			*MESH_TVERT 67	0.5293261408805847	0.14928819239139557	0
			*MESH_TVERT 68	0.5420209765434265	0.10027272254228592	0
			*MESH_TVERT 69	0.5766271948814392	0.17719432711601257	0
			*MESH_TVERT 70	0.5420209765434265	0.10027272254228592	0
			*MESH_TVERT 71	0.5766304731369019	0.080339714884758	0
			*MESH_TVERT 72	0.5766271948814392	0.17719432711601257	0
			*MESH_TVERT 73	0.5766304731369019	0.080339714884758	0
			*MESH_TVERT 74	0.6112335920333862	0.10027273744344711	0
			*MESH_TVERT 75	0.5766271948814392	0.17719432711601257	0
			*MESH_TVERT 76	0.6112335920333862	0.10027273744344711	0
			*MESH_TVERT 77	0.6261808276176453	0.14928819239139557	0
			*MESH_TVERT 78	0.5766271948814392	0.17719432711601257	0
			*MESH_TVERT 79	0.5420209765434265	0.10027272254228592	0
			*MESH_TVERT 80	0.5293261408805847	0.14928819239139557	0
			*MESH_TVERT 81	0.5766271948814392	0.17719432711601257	0
			*MESH_TVERT 82	0.5766304731369019	0.080339714884758	0
			*MESH_TVERT 83	0.5420209765434265	0.10027272254228592	0
			*MESH_TVERT 84	0.5766271948814392	0.17719432711601257	0
			*MESH_TVERT 85	0.6112335920333862	0.10027273744344711	0
			*MESH_TVERT 86	0.5766304731369019	0.080339714884758	0
			*MESH_TVERT 87	0.5766271948814392	0.17719432711601257	0
			*MESH_TVERT 88	0.6261808276176453	0.14928819239139557	0
			*MESH_TVERT 89	0.6112335920333862	0.10027273744344711	0
			*MESH_TVERT 90	0.35358843207359314	0.7620503306388855	0
			*MESH_TVERT 91	0.3807491958141327	0.5239347219467163	0
			*MESH_TVERT 92	0.3806311786174774	0.7621192336082458	0
			*MESH_TVERT 93	0.3807491958141327	0.5239347219467163	0
			*MESH_TVERT 94	0.35358843207359314	0.7620503306388855	0
			*MESH_TVERT 95	0.3535972833633423	0.5239347219467163	0
			*MESH_TVERT 96	0.35358843207359314	0.7620503306388855	0
			*MESH_TVERT 97	0.32644063234329224	0.5239347219467163	0
			*MESH_TVERT 98	0.3535972833633423	0.5239347219467163	0
			*MESH_TVERT 99	0.35358843207359314	0.7620503306388855	0
			*MESH_TVERT 100	0.32652366161346436	0.7621192336082458	0
			*MESH_TVERT 101	0.32644063234329224	0.5239347219467163	0
			*MESH_TVERT 102	0.35358843207359314	0.7620503306388855	0
			*MESH_TVERT 103	0.32644063234329224	0.5239347219467163	0
			*MESH_TVERT 104	0.32652366161346436	0.7621192336082458	0
			*MESH_TVERT 105	0.32644063234329224	0.5239347219467163	0
			*MESH_TVERT 106	0.35358843207359314	0.7620503306388855	0
			*MESH_TVERT 107	0.35359737277030945	0.5239347219467163	0
			*MESH_TVERT 108	0.35358843207359314	0.7620503306388855	0
			*MESH_TVERT 109	0.3807491958141327	0.5239347219467163	0
			*MESH_TVERT 110	0.35359737277030945	0.5239347219467163	0
			*MESH_TVERT 111	0.35358843207359314	0.7620503306388855	0
			*MESH_TVERT 112	0.3806311786174774	0.7621192336082458	0
			*MESH_TVERT 113	0.3807491958141327	0.5239347219467163	0
			*MESH_TVERT 114	0.8709709048271179	0.8771184086799622	0
			*MESH_TVERT 115	0.9085855484008789	0.8771184086799622	0
			*MESH_TVERT 116	0.8709709048271179	0.9844952821731567	0
			*MESH_TVERT 117	0.8223459124565125	0.8771185278892517	0
			*MESH_TVERT 118	0.8709709048271179	0.8771184086799622	0
			*MESH_TVERT 119	0.8709709048271179	0.9844952821731567	0
			*MESH_TVERT 120	0.9085855484008789	0.8771184086799622	0
			*MESH_TVERT 121	0.8709709048271179	0.8771184086799622	0
			*MESH_TVERT 122	0.8709709048271179	0.9844952821731567	0
			*MESH_TVERT 123	0.8709709048271179	0.8771184086799622	0
			*MESH_TVERT 124	0.8223459124565125	0.8771185278892517	0
			*MESH_TVERT 125	0.8709709048271179	0.9844952821731567	0
		}
		*MESH_NUMTVFACES 42
		*MESH_TFACELIST {
			*MESH_TFACE 0	0	1	2
			*MESH_TFACE 1	3	4	5
			*MESH_TFACE 2	6	7	8
			*MESH_TFACE 3	9	10	11
			*MESH_TFACE 4	12	13	14
			*MESH_TFACE 5	15	16	17
			*MESH_TFACE 6	18	19	20
			*MESH_TFACE 7	21	22	23
			*MESH_TFACE 8	24	25	26
			*MESH_TFACE 9	27	28	29
			*MESH_TFACE 10	30	31	32
			*MESH_TFACE 11	33	34	35
			*MESH_TFACE 12	36	37	38
			*MESH_TFACE 13	39	40	41
			*MESH_TFACE 14	42	43	44
			*MESH_TFACE 15	45	46	47
			*MESH_TFACE 16	48	49	50
			*MESH_TFACE 17	51	52	53
			*MESH_TFACE 18	54	55	56
			*MESH_TFACE 19	57	58	59
			*MESH_TFACE 20	60	61	62
			*MESH_TFACE 21	63	64	65
			*MESH_TFACE 22	66	67	68
			*MESH_TFACE 23	69	70	71
			*MESH_TFACE 24	72	73	74
			*MESH_TFACE 25	75	76	77
			*MESH_TFACE 26	78	79	80
			*MESH_TFACE 27	81	82	83
			*MESH_TFACE 28	84	85	86
			*MESH_TFACE 29	87	88	89
			*MESH_TFACE 30	90	91	92
			*MESH_TFACE 31	93	94	95
			*MESH_TFACE 32	96	97	98
			*MESH_TFACE 33	99	100	101
			*MESH_TFACE 34	102	103	104
			*MESH_TFACE 35	105	106	107
			*MESH_TFACE 36	108	109	110
			*MESH_TFACE 37	111	112	113
			*MESH_TFACE 38	114	115	116
			*MESH_TFACE 39	117	118	119
			*MESH_TFACE 40	120	121	122
			*MESH_TFACE 41	123	124	125
		}
	}
}
*GEOMOBJECT {
	*NODE_NAME "zm_Plate"
	*NODE_PARENT "Bip01"
	*NODE_TM {
		*NODE_NAME "zm_Plate"
		*TM_ROW0 0.14817138016223907	-0.5336732864379883	-0.8326091766357422
		*TM_ROW1 0.9661554098129272	0.2578749358654022	0.006648525595664978
		*TM_ROW2 0.21116088330745697	-0.8054150342941284	0.5538210272789001
		*TM_ROW3 15.511281967163086	13.023088455200195	66.35415649414062
		*TM_POS 15.511281967163086	13.023088455200195	66.35415649414062
		*TM_ROTAXIS -0.40611353516578674	-0.5219901204109192	0.7500653862953186
		*TM_ROTANGLE 1.5908640400439646
		*TM_SCALE 1	1	1
		*TM_SCALEAXIS 0	0	0
		*TM_SCALEAXISANG 0	0	0
	}
	*MATERIAL_REF 0
	*MESH_SOFTSKIN {
		*TIMEVALUE 0
		*MESH_NUMVERTEX 32
		*MESH_NUMFACES 60
		*MESH_VERTEX_LIST {
			*MESH_VERTEX 0	15.852392196655273	27.934547424316406	73.13098907470703
			*MESH_VERTEX 1	27.429750442504883	40.109405517578125	63.7873420715332
			*MESH_VERTEX 2	31.161514282226562	27.774229049682617	56.19956970214844
			*MESH_VERTEX 3	18.778738021850586	19.16884422302246	68.16742706298828
			*MESH_VERTEX 4	20.726587295532227	34.858455657958984	68.51319885253906
			*MESH_VERTEX 5	24.999000549316406	22.19393539428711	61.57401657104492
			*MESH_VERTEX 6	38.868324279785156	32.94405746459961	56.165771484375
			*MESH_VERTEX 7	35.50775146484375	43.06800079345703	61.603515625
			*MESH_VERTEX 8	37.283546447753906	38.259002685546875	62.39545440673828
			*MESH_VERTEX 9	17.605915069580078	23.233379364013672	74.0074462890625
			*MESH_VERTEX 10	19.655899047851562	19.920696258544922	73.9709701538086
			*MESH_VERTEX 11	38.47341537475586	37.55470275878906	63.96088409423828
			*MESH_VERTEX 12	40.13861083984375	31.819257736206055	57.383846282958984
			*MESH_VERTEX 13	20.03251075744629	18.125286102294922	69.45061492919922
			*MESH_VERTEX 14	16.985347747802734	27.395164489746094	74.73793029785156
			*MESH_VERTEX 15	33.519588470458984	28.488182067871094	65.89329528808594
			*MESH_VERTEX 16	36.609615325927734	42.686519622802734	63.33636474609375
			*MESH_VERTEX 17	18.453319549560547	20.68714141845703	72.45539093017578
			*MESH_VERTEX 18	22.61745262145996	29.63893699645996	69.07294464111328
			*MESH_VERTEX 19	30.41090965270996	34.48685836791992	66.84700012207031
			*MESH_VERTEX 20	38.3694953918457	34.510231018066406	59.8834228515625
			*MESH_VERTEX 21	32.43182373046875	26.649370193481445	57.417606353759766
			*MESH_VERTEX 22	18.808454513549805	22.46695327758789	75.52297973632812
			*MESH_VERTEX 23	23.964303970336914	25.111433029174805	66.08831787109375
			*MESH_VERTEX 24	31.834606170654297	29.574298858642578	63.55470275878906
			*MESH_VERTEX 25	39.559364318847656	33.80592346191406	61.4488410949707
			*MESH_VERTEX 26	26.265270233154297	21.0889949798584	62.807952880859375
			*MESH_VERTEX 27	28.53165626525879	39.7278938293457	65.5202407836914
			*MESH_VERTEX 28	21.836164474487305	34.438411712646484	70.21525573730469
			*MESH_VERTEX 29	32.09587860107422	33.40074157714844	69.18559265136719
			*MESH_VERTEX 30	26.03985023498535	23.711685180664062	69.01927947998047
			*MESH_VERTEX 31	24.69237518310547	28.238880157470703	72.0040512084961
		}
		*MESH_FACE_LIST {
			*MESH_FACE    0:    A:    15 B:    29 C:    31 AB:    1 BC:    1 CA:    1	 *MESH_SMOOTHING 0 	*MESH_MTLID 2
			*MESH_FACE    1:    A:    18 B:    19 C:    24 AB:    1 BC:    1 CA:    1	 *MESH_SMOOTHING 0 	*MESH_MTLID 2
			*MESH_FACE    2:    A:    30 B:    26 C:    21 AB:    1 BC:    1 CA:    1	 *MESH_SMOOTHING 0 	*MESH_MTLID 2
			*MESH_FACE    3:    A:    24 B:    23 C:    18 AB:    1 BC:    1 CA:    1	 *MESH_SMOOTHING 0 	*MESH_MTLID 2
			*MESH_FACE    4:    A:    19 B:    18 C:    4 AB:    1 BC:    1 CA:    1	 *MESH_SMOOTHING 0 	*MESH_MTLID 2
			*MESH_FACE    5:    A:    1 B:    4 C:    28 AB:    1 BC:    1 CA:    1	 *MESH_SMOOTHING 0 	*MESH_MTLID 2
			*MESH_FACE    6:    A:    5 B:    3 C:    17 AB:    1 BC:    1 CA:    1	 *MESH_SMOOTHING 0 	*MESH_MTLID 2
			*MESH_FACE    7:    A:    21 B:    26 C:    5 AB:    1 BC:    1 CA:    1	 *MESH_SMOOTHING 0 	*MESH_MTLID 2
			*MESH_FACE    8:    A:    23 B:    24 C:    2 AB:    1 BC:    1 CA:    1	 *MESH_SMOOTHING 0 	*MESH_MTLID 2
			*MESH_FACE    9:    A:    5 B:    2 C:    21 AB:    1 BC:    1 CA:    1	 *MESH_SMOOTHING 0 	*MESH_MTLID 2
			*MESH_FACE    10:    A:    28 B:    27 C:    1 AB:    1 BC:    1 CA:    1	 *MESH_SMOOTHING 0 	*MESH_MTLID 2
			*MESH_FACE    11:    A:    4 B:    1 C:    19 AB:    1 BC:    1 CA:    1	 *MESH_SMOOTHING 0 	*MESH_MTLID 2
			*MESH_FACE    12:    A:    1 B:    7 C:    8 AB:    1 BC:    1 CA:    1	 *MESH_SMOOTHING 0 	*MESH_MTLID 2
			*MESH_FACE    13:    A:    29 B:    27 C:    28 AB:    1 BC:    1 CA:    1	 *MESH_SMOOTHING 0 	*MESH_MTLID 2
