*3DSMAX_ASCIIEXPORT	110
*COMMENT "[ GothicSourcer v3.15 ] - May 2015"
*SCENE {
	*SCENE_FILENAME "HGOB_BODY.MAX"
	*SCENE_FIRSTFRAME 0
	*SCENE_LASTFRAME 100
	*SCENE_FRAMESPEED 25
	*SCENE_TICKSPERFRAME 192
	*SCENE_BACKGROUND_STATIC 0	0	0
	*SCENE_AMBIENT_STATIC 0.2	0.2	0.2
}
*MATERIAL_LIST {
	*MATERIAL_COUNT 4
	*MATERIAL 0 {
		*MATERIAL_NAME "Compound Material #1"
		*MATERIAL_CLASS "Multi/Sub-Object"
		*NUMSUBMTLS 2
		*SUBMATERIAL 0 {
			*MATERIAL_NAME "HGOB_BODY_A01"
			*MATERIAL_CLASS "Standard"
			*MATERIAL_AMBIENT 0.231373	0.2	0.160784
			*MATERIAL_DIFFUSE 0.231373	0.2	0.160784
			*MATERIAL_SPECULAR 0.9	0.9	0.9
			*MATERIAL_SHINE 0.1
			*MATERIAL_SHINESTRENGTH 0
			*MATERIAL_TRANSPARENCY 0
			*MATERIAL_WIRESIZE 1
			*MATERIAL_SHADING Blinn
			*MATERIAL_XP_FALLOFF 0
			*MATERIAL_SELFILLUM 0
			*MATERIAL_FALLOFF In
			*MATERIAL_XP_TYPE Filter
			*MAP_DIFFUSE {
				*MAP_NAME "Map #1-1"
				*MAP_CLASS "Bitmap"
				*MAP_SUBNO 1
				*MAP_AMOUNT 1
				*BITMAP "HGOB_BODY_A01.TGA"
				*MAP_TYPE Screen
				*UVW_U_OFFSET 0
				*UVW_V_OFFSET 0
				*UVW_U_TILING 1
				*UVW_V_TILING 1
				*UVW_ANGLE 0
				*UVW_BLUR 1
				*UVW_BLUR_OFFSET 0
				*UVW_NOUSE_AMT 1
				*UVW_NOISE_SIZE 1
				*UVW_NOISE_LEVEL 1
				*UVW_NOISE_PHASE 0
				*BITMAP_FILTER Pyramidal
			}
		}
		*SUBMATERIAL 1 {
			*MATERIAL_NAME "HGOB_BODY_B01"
			*MATERIAL_CLASS "Standard"
			*MATERIAL_AMBIENT 0.223529	0.192157	0.152941
			*MATERIAL_DIFFUSE 0.223529	0.192157	0.152941
			*MATERIAL_SPECULAR 0.9	0.9	0.9
			*MATERIAL_SHINE 0.1
			*MATERIAL_SHINESTRENGTH 0
			*MATERIAL_TRANSPARENCY 0
			*MATERIAL_WIRESIZE 1
			*MATERIAL_SHADING Blinn
			*MATERIAL_XP_FALLOFF 0
			*MATERIAL_SELFILLUM 0
			*MATERIAL_FALLOFF In
			*MATERIAL_XP_TYPE Filter
			*MAP_DIFFUSE {
				*MAP_NAME "Map #1-2"
				*MAP_CLASS "Bitmap"
				*MAP_SUBNO 1
				*MAP_AMOUNT 1
				*BITMAP "HGOB_BODY_B01.TGA"
				*MAP_TYPE Screen
				*UVW_U_OFFSET 0
				*UVW_V_OFFSET 0
				*UVW_U_TILING 1
				*UVW_V_TILING 1
				*UVW_ANGLE 0
				*UVW_BLUR 1
				*UVW_BLUR_OFFSET 0
				*UVW_NOUSE_AMT 1
				*UVW_NOISE_SIZE 1
				*UVW_NOISE_LEVEL 1
				*UVW_NOISE_PHASE 0
				*BITMAP_FILTER Pyramidal
			}
		}
	}
	*MATERIAL 1 {
		*MATERIAL_NAME "HGOB_BODY_B01"
		*MATERIAL_CLASS "Standard"
		*MATERIAL_AMBIENT 0.223529	0.192157	0.152941
		*MATERIAL_DIFFUSE 0.223529	0.192157	0.152941
		*MATERIAL_SPECULAR 0.9	0.9	0.9
		*MATERIAL_SHINE 0.1
		*MATERIAL_SHINESTRENGTH 0
		*MATERIAL_TRANSPARENCY 0
		*MATERIAL_WIRESIZE 1
		*MATERIAL_SHADING Blinn
		*MATERIAL_XP_FALLOFF 0
		*MATERIAL_SELFILLUM 0
		*MATERIAL_FALLOFF In
		*MATERIAL_XP_TYPE Filter
		*MAP_DIFFUSE {
			*MAP_NAME "Map #2"
			*MAP_CLASS "Bitmap"
			*MAP_SUBNO 1
			*MAP_AMOUNT 1
			*BITMAP "HGOB_BODY_B01.TGA"
			*MAP_TYPE Screen
			*UVW_U_OFFSET 0
			*UVW_V_OFFSET 0
			*UVW_U_TILING 1
			*UVW_V_TILING 1
			*UVW_ANGLE 0
			*UVW_BLUR 1
			*UVW_BLUR_OFFSET 0
			*UVW_NOUSE_AMT 1
			*UVW_NOISE_SIZE 1
			*UVW_NOISE_LEVEL 1
			*UVW_NOISE_PHASE 0
			*BITMAP_FILTER Pyramidal
		}
	}
	*MATERIAL 2 {
		*MATERIAL_NAME "ITMW2HORCSWORD01"
		*MATERIAL_CLASS "Standard"
		*MATERIAL_AMBIENT 0.168627	0.141176	0.129412
		*MATERIAL_DIFFUSE 0.168627	0.141176	0.129412
		*MATERIAL_SPECULAR 0.9	0.9	0.9
		*MATERIAL_SHINE 0.1
		*MATERIAL_SHINESTRENGTH 0
		*MATERIAL_TRANSPARENCY 0
		*MATERIAL_WIRESIZE 1
		*MATERIAL_SHADING Blinn
		*MATERIAL_XP_FALLOFF 0
		*MATERIAL_SELFILLUM 0
		*MATERIAL_FALLOFF In
		*MATERIAL_XP_TYPE Filter
		*MAP_DIFFUSE {
			*MAP_NAME "Map #3"
			*MAP_CLASS "Bitmap"
			*MAP_SUBNO 1
			*MAP_AMOUNT 1
			*BITMAP "ITMELEEORCWEAPONS.TGA"
			*MAP_TYPE Screen
			*UVW_U_OFFSET 0
			*UVW_V_OFFSET 0
			*UVW_U_TILING 1
			*UVW_V_TILING 1
			*UVW_ANGLE 0
			*UVW_BLUR 1
			*UVW_BLUR_OFFSET 0
			*UVW_NOUSE_AMT 1
			*UVW_NOISE_SIZE 1
			*UVW_NOISE_LEVEL 1
			*UVW_NOISE_PHASE 0
			*BITMAP_FILTER Pyramidal
		}
	}
	*MATERIAL 3 {
		*MATERIAL_NAME "08 - DEFAULT"
		*MATERIAL_CLASS "Standard"
		*MATERIAL_AMBIENT 0.282353	0.298039	0.243137
		*MATERIAL_DIFFUSE 0.282353	0.298039	0.243137
		*MATERIAL_SPECULAR 0.9	0.9	0.9
		*MATERIAL_SHINE 0.1
		*MATERIAL_SHINESTRENGTH 0
		*MATERIAL_TRANSPARENCY 0
		*MATERIAL_WIRESIZE 1
		*MATERIAL_SHADING Blinn
		*MATERIAL_XP_FALLOFF 0
		*MATERIAL_SELFILLUM 0
		*MATERIAL_FALLOFF In
		*MATERIAL_XP_TYPE Filter
		*MAP_DIFFUSE {
			*MAP_NAME "Map #4"
			*MAP_CLASS "Bitmap"
			*MAP_SUBNO 1
			*MAP_AMOUNT 1
			*BITMAP "GOB_BODY_V0.TGA"
			*MAP_TYPE Screen
			*UVW_U_OFFSET 0
			*UVW_V_OFFSET 0
			*UVW_U_TILING 1
			*UVW_V_TILING 1
			*UVW_ANGLE 0
			*UVW_BLUR 1
			*UVW_BLUR_OFFSET 0
			*UVW_NOUSE_AMT 1
			*UVW_NOISE_SIZE 1
			*UVW_NOISE_LEVEL 1
			*UVW_NOISE_PHASE 0
			*BITMAP_FILTER Pyramidal
		}
	}
}
*HELPEROBJECT {
	*NODE_NAME "Bip01"
	*NODE_TM {
		*NODE_NAME "Bip01"
		*TM_ROW0 -0.662678	-0.748904	0
		*TM_ROW1 0.748904	-0.662678	0
		*TM_ROW2 -0	-0	1
		*TM_ROW3 0.4299	-10.5589	37.2794
		*TM_POS 0.4299	-10.5589	37.2794
		*TM_ROTAXIS 0	0	-1
		*TM_ROTANGLE 3.988
		*TM_SCALE 1	1	1
		*TM_SCALEAXIS 0	0	0
		*TM_SCALEAXISANG 0	0	0
	}
}
*HELPEROBJECT {
	*NODE_NAME "Bip01 Pelvis"
	*NODE_PARENT "Bip01"
	*NODE_TM {
		*NODE_NAME "Bip01 Pelvis"
		*TM_ROW0 0.0158136	-0.0139434	0.999778
		*TM_ROW1 -0.662639	-0.748939	3.59118e-005
		*TM_ROW2 0.748772	-0.662493	-0.0210828
		*TM_ROW3 -1.6186	-8.5959	37.2794
		*TM_POS -1.6186	-8.5959	37.2794
		*TM_ROTAXIS 0.689702	-0.261301	0.675302
		*TM_ROTANGLE 3.64259
		*TM_SCALE 1	1	1
		*TM_SCALEAXIS 0	0	0
		*TM_SCALEAXISANG 0	0	0
	}
}
*HELPEROBJECT {
	*NODE_NAME "Bip01 Spine"
	*NODE_PARENT "Bip01 Pelvis"
	*NODE_TM {
		*NODE_NAME "Bip01 Spine"
		*TM_ROW0 0.0652487	0.0158699	0.997743
		*TM_ROW1 -0.48772	-0.8718	0.0457618
		*TM_ROW2 0.870558	-0.489605	-0.0491437
		*TM_ROW3 -1.6144	-8.5884	40.6264
		*TM_POS -1.6144	-8.5884	40.6264
		*TM_ROTAXIS 0.717727	-0.170507	0.675126
		*TM_ROTANGLE 3.52379
		*TM_SCALE 1	1	1
		*TM_SCALEAXIS 0	0	0
		*TM_SCALEAXISANG 0	0	0
	}
}
*HELPEROBJECT {
	*NODE_NAME "Bip01 Spine1"
	*NODE_PARENT "Bip01 Spine"
	*NODE_TM {
		*NODE_NAME "Bip01 Spine1"
		*TM_ROW0 -0.0870401	-0.407704	0.908956
		*TM_ROW1 -0.289952	-0.862549	-0.414653
		*TM_ROW2 0.953075	-0.299645	-0.0431381
		*TM_ROW3 -0.9062	-8.4061	51.3961
		*TM_POS -0.9062	-8.4061	51.3961
		*TM_ROTAXIS -0.6749	0.2589	-0.691
		*TM_ROTANGLE 3.2269
		*TM_SCALE 1	1	1
		*TM_SCALEAXIS 0	0	0
		*TM_SCALEAXISANG 0	0	0
	}
}
*HELPEROBJECT {
	*NODE_NAME "Bip01 Spine2"
	*NODE_PARENT "Bip01 Spine1"
	*NODE_TM {
		*NODE_NAME "Bip01 Spine2"
		*TM_ROW0 -0.163542	-0.785477	0.596892
		*TM_ROW1 -0.0291104	-0.600932	-0.79877
		*TM_ROW2 0.986107	-0.148008	0.0754122
		*TM_ROW3 -2.3155	-14.9979	66.1132
		*TM_POS -2.3155	-14.9979	66.1132
		*TM_ROTAXIS -0.607613	0.363408	-0.706216
		*TM_ROTANGLE 3.7067
		*TM_SCALE 1	1	1
		*TM_SCALEAXIS 0	0	0
		*TM_SCALEAXISANG 0	0	0
	}
}
*HELPEROBJECT {
	*NODE_NAME "Bip01 Neck"
	*NODE_PARENT "Bip01 Spine2"
	*NODE_TM {
		*NODE_NAME "Bip01 Neck"
		*TM_ROW0 -0.157589	-0.690766	0.705697
		*TM_ROW1 -0.0523002	-0.707785	-0.704489
		*TM_ROW2 0.986119	-0.147928	0.0754123
		*TM_ROW3 -4.0806	-23.4715	72.5534
		*TM_POS -4.0806	-23.4715	72.5534
		*TM_ROTAXIS -0.623802	0.314301	-0.715602
		*TM_ROTANGLE 3.604
		*TM_SCALE 1	1	1
		*TM_SCALEAXIS 0	0	0
		*TM_SCALEAXISANG 0	0	0
	}
}
*HELPEROBJECT {
	*NODE_NAME "Bip01 Head"
	*NODE_PARENT "Bip01 Neck"
	*NODE_TM {
		*NODE_NAME "Bip01 Head"
		*TM_ROW0 0.0141943	0.0262903	0.999554
		*TM_ROW1 -0.121326	-0.992223	0.0278204
		*TM_ROW2 0.992511	-0.121667	-0.0108943
		*TM_ROW3 -4.3071	-24.4633	73.5666
		*TM_POS -4.3071	-24.4633	73.5666
		*TM_ROTAXIS 0.711146	-0.0335021	0.702246
		*TM_ROTANGLE 3.24689
		*TM_SCALE 1	1	1
		*TM_SCALEAXIS 0	0	0
		*TM_SCALEAXISANG 0	0	0
	}
}
*HELPEROBJECT {
	*NODE_NAME "Bip01 L Clavicle"
	*NODE_PARENT "Bip01 Neck"
	*NODE_TM {
		*NODE_NAME "Bip01 L Clavicle"
		*TM_ROW0 0.943458	-0.331491	-0.00108514
		*TM_ROW1 0.200022	0.566665	0.799301
		*TM_ROW2 -0.264346	-0.754324	0.60093
		*TM_ROW3 1.6581	-21.0193	73.5751
		*TM_POS 1.6581	-21.0193	73.5751
		*TM_ROTAXIS -0.934231	0.158305	0.319611
		*TM_ROTANGLE 0.9818
		*TM_SCALE 1	1	1
		*TM_SCALEAXIS 0	0	0
		*TM_SCALEAXISANG 0	0	0
	}
}
*HELPEROBJECT {
	*NODE_NAME "Bip01 L UpperArm"
	*NODE_PARENT "Bip01 L Clavicle"
	*NODE_TM {
		*NODE_NAME "Bip01 L UpperArm"
		*TM_ROW0 -0.0644155	-0.199659	-0.977746
		*TM_ROW1 0.930773	0.341314	-0.131018
		*TM_ROW2 0.359877	-0.918499	0.163851
		*TM_ROW3 11.4534	-24.4605	73.5643
		*TM_POS 11.4534	-24.4605	73.5643
		*TM_ROTAXIS -0.4101	-0.6966	0.5887
		*TM_ROTANGLE 1.8542
		*TM_SCALE 1	1	1
		*TM_SCALEAXIS 0	0	0
		*TM_SCALEAXISANG 0	0	0
	}
}
*HELPEROBJECT {
	*NODE_NAME "Bip01 L Forearm"
	*NODE_PARENT "Bip01 L UpperArm"
	*NODE_TM {
		*NODE_NAME "Bip01 L Forearm"
		*TM_ROW0 -0.711939	-0.383901	-0.588016
		*TM_ROW1 0.603018	0.0949026	-0.792062
		*TM_ROW2 0.359877	-0.918484	0.163934
		*TM_ROW3 10.1108	-28.6226	53.188
		*TM_POS 10.1108	-28.6226	53.188
		*TM_ROTAXIS 0.0919955	0.689766	-0.718164
		*TM_ROTANGLE 3.8991
		*TM_SCALE 1	1	1
		*TM_SCALEAXIS 0	0	0
		*TM_SCALEAXISANG 0	0	0
	}
}
*HELPEROBJECT {
	*NODE_NAME "Bip01 L Hand"
	*NODE_PARENT "Bip01 L Forearm"
	*NODE_TM {
		*NODE_NAME "Bip01 L Hand"
		*TM_ROW0 -0.926338	-0.127052	-0.354619
		*TM_ROW1 -0.29112	0.838886	0.459913
		*TM_ROW2 0.239052	0.529272	-0.814079
		*TM_ROW3 -4.7265	-36.6228	40.9335
		*TM_POS -4.7265	-36.6228	40.9335
		*TM_ROTAXIS -0.111902	0.957815	0.264704
		*TM_ROTANGLE 3.45669
		*TM_SCALE 1	1	1
		*TM_SCALEAXIS 0	0	0
		*TM_SCALEAXISANG 0	0	0
	}
}
*HELPEROBJECT {
	*NODE_NAME "Bip01 L Finger0"
	*NODE_PARENT "Bip01 L Hand"
	*NODE_TM {
		*NODE_NAME "Bip01 L Finger0"
		*TM_ROW0 -0.926369	-0.126931	-0.354581
		*TM_ROW1 -0.291195	0.838473	0.460617
		*TM_ROW2 0.23884	0.529954	-0.813698
		*TM_ROW3 -13.7358	-37.8575	37.485
		*TM_POS -13.7358	-37.8575	37.485
		*TM_ROTAXIS -0.111901	0.957705	0.265101
		*TM_ROTANGLE 3.45659
		*TM_SCALE 1	1	1
		*TM_SCALEAXIS 0	0	0
		*TM_SCALEAXISANG 0	0	0
	}
}
*HELPEROBJECT {
	*NODE_NAME "Bip01 R Clavicle"
	*NODE_PARENT "Bip01 Neck"
	*NODE_TM {
		*NODE_NAME "Bip01 R Clavicle"
		*TM_ROW0 -0.987988	-0.0414534	-0.148868
		*TM_ROW1 -0.142422	0.618096	0.773093
		*TM_ROW2 0.0599676	0.785009	-0.616575
		*TM_ROW3 -8.9386	-19.4286	72.7637
		*TM_POS -8.9386	-19.4286	72.7637
		*TM_ROTAXIS -0.0513005	0.899111	0.434705
		*TM_ROTANGLE 3.25799
		*TM_SCALE 1	1	1
		*TM_SCALEAXIS 0	0	0
		*TM_SCALEAXISANG 0	0	0
	}
}
*HELPEROBJECT {
	*NODE_NAME "Bip01 R UpperArm"
	*NODE_PARENT "Bip01 R Clavicle"
	*NODE_TM {
		*NODE_NAME "Bip01 R UpperArm"
		*TM_ROW0 -0.430332	0.0959009	-0.897562
		*TM_ROW1 -0.427384	0.854181	0.296173
		*TM_ROW2 0.795083	0.511056	-0.326595
		*TM_ROW3 -19.196	-19.8596	71.2177
		*TM_POS -19.196	-19.8596	71.2177
		*TM_ROTAXIS 0.120405	-0.948436	-0.293211
		*TM_ROTANGLE 2.0391
		*TM_SCALE 1	1	1
		*TM_SCALEAXIS 0	0	0
		*TM_SCALEAXISANG 0	0	0
	}
}
*HELPEROBJECT {
	*NODE_NAME "Bip01 R Forearm"
	*NODE_PARENT "Bip01 R UpperArm"
	*NODE_TM {
		*NODE_NAME "Bip01 R Forearm"
		*TM_ROW0 0.483965	-0.859145	-0.166276
		*TM_ROW1 -0.365477	-0.0257979	-0.930463
		*TM_ROW2 0.795113	0.511081	-0.326483
		*TM_ROW3 -28.1632	-17.8611	52.5116
		*TM_POS -28.1632	-17.8611	52.5116
		*TM_ROTAXIS 0.800114	-0.533609	0.274005
		*TM_ROTANGLE 2.0199
		*TM_SCALE 1	1	1
		*TM_SCALEAXIS 0	0	0
		*TM_SCALEAXISANG 0	0	0
	}
}
*HELPEROBJECT {
	*NODE_NAME "Bip01 R Hand"
	*NODE_PARENT "Bip01 R Forearm"
	*NODE_TM {
		*NODE_NAME "Bip01 R Hand"
		*TM_ROW0 0.620576	-0.764034	-0.17646
		*TM_ROW1 0.752719	0.517355	0.407133
		*TM_ROW2 -0.219771	-0.385482	0.896161
		*TM_ROW3 -18.0762	-35.7655	49.0467
		*TM_POS -18.0762	-35.7655	49.0467
		*TM_ROTAXIS -0.462999	0.0252999	0.885998
		*TM_ROTANGLE 1.0274
		*TM_SCALE 1	1	1
		*TM_SCALEAXIS 0	0	0
		*TM_SCALEAXISANG 0	0	0
	}
}
*HELPEROBJECT {
	*NODE_NAME "Bip01 R Finger0"
	*NODE_PARENT "Bip01 R Hand"
	*NODE_TM {
		*NODE_NAME "Bip01 R Finger0"
		*TM_ROW0 0.620536	-0.764078	-0.176408
		*TM_ROW1 0.752564	0.517023	0.407842
		*TM_ROW2 -0.220416	-0.385839	0.895848
		*TM_ROW3 -12.041	-43.1963	47.3309
		*TM_POS -12.041	-43.1963	47.3309
		*TM_ROTAXIS -0.46351	0.0257005	0.885719
		*TM_ROTANGLE 1.0278
		*TM_SCALE 1	1	1
		*TM_SCALEAXIS 0	0	0
		*TM_SCALEAXISANG 0	0	0
	}
}
*HELPEROBJECT {
	*NODE_NAME "ZS_RIGHTHAND"
	*NODE_PARENT "Bip01 R Hand"
	*NODE_TM {
		*NODE_NAME "ZS_RIGHTHAND"
		*TM_ROW0 0.212131	0.410196	-0.886983
		*TM_ROW1 -0.697822	0.698995	0.156367
		*TM_ROW2 0.684138	0.585786	0.434522
		*TM_ROW3 -16.2754	-43.1848	54.3136
		*TM_POS -16.2754	-43.1848	54.3136
		*TM_ROTAXIS 0.21799	-0.797562	-0.562473
		*TM_ROTANGLE 1.3971
		*TM_SCALE 1	1	1
		*TM_SCALEAXIS 0	0	0
		*TM_SCALEAXISANG 0	0	0
	}
}
*HELPEROBJECT {
	*NODE_NAME "Bip01 L Thigh"
	*NODE_PARENT "Bip01 Spine"
	*NODE_TM {
		*NODE_NAME "Bip01 L Thigh"
		*TM_ROW0 -0.198108	-0.885848	-0.419555
		*TM_ROW1 -0.325747	-0.344208	0.880574
		*TM_ROW2 -0.924469	0.311117	-0.220371
		*TM_ROW3 6.166	-15.4836	37.0602
		*TM_POS 6.166	-15.4836	37.0602
		*TM_ROTAXIS 0.602631	-0.534328	-0.592731
		*TM_ROTANGLE 3.63369
		*TM_SCALE 1	1	1
		*TM_SCALEAXIS 0	0	0
		*TM_SCALEAXISANG 0	0	0
	}
}
*HELPEROBJECT {
	*NODE_NAME "Bip01 L Calf"
	*NODE_PARENT "Bip01 L Thigh"
	*NODE_TM {
		*NODE_NAME "Bip01 L Calf"
		*TM_ROW0 0.287994	0.190923	-0.938407
		*TM_ROW1 -0.249867	-0.930998	-0.266099
		*TM_ROW2 -0.92446	0.311112	-0.220416
		*TM_ROW3 1.5838	-35.9769	27.3543
		*TM_POS 1.5838	-35.9769	27.3543
		*TM_ROTAXIS 0.794614	-0.0192004	-0.606811
		*TM_ROTANGLE 2.76989
		*TM_SCALE 1	1	1
		*TM_SCALEAXIS 0	0	0
		*TM_SCALEAXISANG 0	0	0
	}
}
*HELPEROBJECT {
	*NODE_NAME "Bip01 L Foot"
	*NODE_PARENT "Bip01 L Calf"
	*NODE_TM {
		*NODE_NAME "Bip01 L Foot"
		*TM_ROW0 -0.00405467	-0.00680623	-0.999969
		*TM_ROW1 0.0972292	-0.995242	0.00637974
		*TM_ROW2 -0.995254	-0.0972003	0.00469688
		*TM_ROW3 8.2456	-31.5604	5.64511
		*TM_POS 8.2456	-31.5604	5.64511
		*TM_ROTAXIS 0.705191	0.0320996	-0.708291
		*TM_ROTANGLE 3.2151
		*TM_SCALE 1	1	1
		*TM_SCALEAXIS 0	0	0
		*TM_SCALEAXISANG 0	0	0
	}
}
*HELPEROBJECT {
	*NODE_NAME "Bip01 L Toe0"
	*NODE_PARENT "Bip01 L Foot"
	*NODE_TM {
		*NODE_NAME "Bip01 L Toe0"
		*TM_ROW0 0.0972634	-0.995239	0.00634153
		*TM_ROW1 0.00402612	0.00676542	0.999969
		*TM_ROW2 -0.995251	-0.0972347	0.00466504
		*TM_ROW3 9.8417	-48.1601	0.155816
		*TM_POS 9.8417	-48.1601	0.155816
		*TM_ROTAXIS -0.612822	0.55942	0.55812
		*TM_ROTANGLE 2.0327
		*TM_SCALE 1	1	1
		*TM_SCALEAXIS 0	0	0
		*TM_SCALEAXISANG 0	0	0
	}
}
*HELPEROBJECT {
	*NODE_NAME "Bip01 R Thigh"
	*NODE_PARENT "Bip01 Spine"
	*NODE_TM {
		*NODE_NAME "Bip01 R Thigh"
		*TM_ROW0 -0.642959	-0.106141	-0.75851
		*TM_ROW1 -0.649738	-0.448765	0.613555
		*TM_ROW2 -0.405517	0.887324	0.219574
		*TM_ROW3 -9.4033	-1.7082	37.4987
		*TM_POS -9.4033	-1.7082	37.4987
		*TM_ROTAXIS 0.389098	-0.501697	-0.772595
		*TM_ROTANGLE 2.7821
		*TM_SCALE 1	1	1
		*TM_SCALEAXIS 0	0	0
		*TM_SCALEAXISANG 0	0	0
	}
}
*HELPEROBJECT {
	*NODE_NAME "Bip01 R Calf"
	*NODE_PARENT "Bip01 R Thigh"
	*NODE_TM {
		*NODE_NAME "Bip01 R Calf"
		*TM_ROW0 0.645245	0.447984	-0.618845
		*TM_ROW1 -0.647501	-0.10923	-0.754196
		*TM_ROW2 -0.405464	0.887344	0.21959
		*TM_ROW3 -24.2785	-4.1629	19.9523
		*TM_POS -24.2785	-4.1629	19.9523
		*TM_ROTAXIS 0.826967	-0.107496	-0.551878
		*TM_ROTANGLE 1.6933
		*TM_SCALE 1	1	1
		*TM_SCALEAXIS 0	0	0
		*TM_SCALEAXISANG 0	0	0
	}
}
*HELPEROBJECT {
	*NODE_NAME "Bip01 R Foot"
	*NODE_PARENT "Bip01 R Calf"
	*NODE_TM {
		*NODE_NAME "Bip01 R Foot"
		*TM_ROW0 0.00085717	-0.00987239	-0.999951
		*TM_ROW1 -0.999991	0.00399301	-0.000896588
		*TM_ROW2 0.00400166	0.999943	-0.00986885
		*TM_ROW3 -9.3517	6.1999	5.6353
		*TM_POS -9.3517	6.1999	5.6353
		*TM_ROTAXIS -0.578807	0.580607	0.572607
		*TM_ROTANGLE 4.18589
		*TM_SCALE 1	1	1
		*TM_SCALEAXIS 0	0	0
		*TM_SCALEAXISANG 0	0	0
	}
}
*HELPEROBJECT {
	*NODE_NAME "Bip01 R Toe0"
	*NODE_PARENT "Bip01 R Foot"
	*NODE_TM {
		*NODE_NAME "Bip01 R Toe0"
		*TM_ROW0 -0.999991	0.00402422	-0.00093725
		*TM_ROW1 -0.000897307	0.00990097	0.99995
		*TM_ROW2 0.00403339	0.999943	-0.00989752
		*TM_ROW3 -25.9878	6.2115	0.0255027
		*TM_POS -25.9878	6.2115	0.0255027
		*TM_ROTAXIS 0.0011001	0.710598	0.703598
		*TM_ROTANGLE 3.14509
		*TM_SCALE 1	1	1
		*TM_SCALEAXIS 0	0	0
		*TM_SCALEAXISANG 0	0	0
	}
}
*GEOMOBJECT {
	*NODE_NAME "zm_Frill"
	*NODE_PARENT "Bip01 Spine"
	*NODE_TM {
		*NODE_NAME "zm_Frill"
		*TM_ROW0 0.0652487	0.0158699	0.997743
		*TM_ROW1 -0.48772	-0.8718	0.0457618
		*TM_ROW2 0.870558	-0.489605	-0.0491437
		*TM_ROW3 -1.6144	-8.5884	40.6264
		*TM_POS -1.6144	-8.5884	40.6264
		*TM_ROTAXIS 0.717727	-0.170507	0.675126
		*TM_ROTANGLE 3.52379
		*TM_SCALE 1	1	1
		*TM_SCALEAXIS 0	0	0
		*TM_SCALEAXISANG 0	0	0
	}
	*MATERIAL_REF 0
	*MESH {
		*TIMEVALUE 0
		*MESH_NUMVERTEX 37
		*MESH_NUMFACES 72
		*MESH_VERTEX_LIST {
			*MESH_VERTEX 0	13.0715	9.72847	35.8745
			*MESH_VERTEX 1	17.0743	-13.3241	58.4759
			*MESH_VERTEX 2	3.94737	6.25634	71.0935
			*MESH_VERTEX 3	16.668	-11.2459	42.2262
			*MESH_VERTEX 4	-6.93637	12.3588	45.1466
			*MESH_VERTEX 5	10.9216	5.48963	52.7596
			*MESH_VERTEX 6	-5.28955	3.93025	60.3306
			*MESH_VERTEX 7	10.1804	-11.5399	58.4166
			*MESH_VERTEX 8	-7.00038	10.751	61.4545
			*MESH_VERTEX 9	12.2581	-12.5133	70.1208
			*MESH_VERTEX 10	14.0648	8.66152	52.527
			*MESH_VERTEX 11	0.072874	5.92533	56.7359
			*MESH_VERTEX 12	11.7597	-5.76168	55.29
			*MESH_VERTEX 13	8.95169	5.58817	36.0408
			*MESH_VERTEX 14	-4.80274	4.5478	72.2317
			*MESH_VERTEX 15	7.85113	0.261094	70.2024
			*MESH_VERTEX 16	13.8806	-3.67703	69.8644
			*MESH_VERTEX 17	-6.31962	7.55059	61.1221
			*MESH_VERTEX 18	2.33922	12.2074	45.7981
			*MESH_VERTEX 19	-1.24187	7.59137	45.6547
			*MESH_VERTEX 20	13.8626	-12.632	58.625
			*MESH_VERTEX 21	16.6685	-2.12201	44.0251
			*MESH_VERTEX 22	12.0425	-5.6932	44.0111
			*MESH_VERTEX 23	-7.0181	9.51932	43.926
			*MESH_VERTEX 24	13.6997	-11.1988	41.3627
			*MESH_VERTEX 25	1.58831	9.61623	56.7566
			*MESH_VERTEX 26	15.4367	-4.23236	55.0431
			*MESH_VERTEX 27	9.34307	-11.4101	69.6367
			*MESH_VERTEX 28	14.3309	-12.2495	57.6387
			*MESH_VERTEX 29	-3.78948	1.72262	71.2615
			*MESH_VERTEX 30	-6.05771	8.13948	60.1613
			*MESH_VERTEX 31	7.3598	1.91816	52.8378
			*MESH_VERTEX 32	3.31906	12.7851	57.2047
			*MESH_VERTEX 33	18.6496	-2.54566	55.3078
			*MESH_VERTEX 34	10.2815	2.64831	70.5513
			*MESH_VERTEX 35	10.2188	-4.98062	69.8053
			*MESH_VERTEX 36	2.61856	2.61972	70.7455
		}
		*MESH_FACE_LIST {
			*MESH_FACE    0:    A:    10 B:    34 C:    16 AB:    1 BC:    1 CA:    1	 *MESH_SMOOTHING 1 	*MESH_MTLID 0
			*MESH_FACE    1:    A:    27 B:    35 C:    26 AB:    1 BC:    1 CA:    1	 *MESH_SMOOTHING 1 	*MESH_MTLID 0
			*MESH_FACE    2:    A:    21 B:    0 C:    5 AB:    1 BC:    1 CA:    1	 *MESH_SMOOTHING 1 	*MESH_MTLID 0
			*MESH_FACE    3:    A:    5 B:    0 C:    18 AB:    1 BC:    1 CA:    1	 *MESH_SMOOTHING 1 	*MESH_MTLID 0
			*MESH_FACE    4:    A:    31 B:    13 C:    22 AB:    1 BC:    1 CA:    1	 *MESH_SMOOTHING 1 	*MESH_MTLID 0
			*MESH_FACE    5:    A:    19 B:    13 C:    31 AB:    1 BC:    1 CA:    1	 *MESH_SMOOTHING 1 	*MESH_MTLID 0
			*MESH_FACE    6:    A:    17 B:    25 C:    18 AB:    1 BC:    1 CA:    1	 *MESH_SMOOTHING 1 	*MESH_MTLID 0
			*MESH_FACE    7:    A:    31 B:    11 C:    19 AB:    1 BC:    1 CA:    1	 *MESH_SMOOTHING 1 	*MESH_MTLID 0
			*MESH_FACE    8:    A:    7 B:    12 C:    22 AB:    1 BC:    1 CA:    1	 *MESH_SMOOTHING 1 	*MESH_MTLID 0
			*MESH_FACE    9:    A:    21 B:    26 C:    20 AB:    1 BC:    1 CA:    1	 *MESH_SMOOTHING 1 	*MESH_MTLID 0
			*MESH_FACE    10:    A:    10 B:    32 C:    2 AB:    1 BC:    1 CA:    1	 *MESH_SMOOTHING 1 	*MESH_MTLID 0
			*MESH_FACE    11:    A:    29 B:    30 C:    25 AB:    1 BC:    1 CA:    1	 *MESH_SMOOTHING 1 	*MESH_MTLID 0
			*MESH_FACE    12:    A:    26 B:    28 C:    27 AB:    1 BC:    1 CA:    1	 *MESH_SMOOTHING 1 	*MESH_MTLID 0
			*MESH_FACE    13:    A:    16 B:    33 C:    10 AB:    1 BC:    1 CA:    1	 *MESH_SMOOTHING 1 	*MESH_MTLID 0
			*MESH_FACE    14:    A:    32 B:    10 C:    5 AB:    1 BC:    1 CA:    1	 *MESH_SMOOTHING 1 	*MESH_MTLID 0
			*MESH_FACE    15:    A:    5 B:    10 C:    33 AB:    1 BC:    1 CA:    1	 *MESH_SMOOTHING 1 	*MESH_MTLID 0
			*MESH_FACE    16:    A:    19 B:    11 C:    6 AB:    1 BC:    1 CA:    1	 *MESH_SMOOTHING 1 	*MESH_MTLID 0
			*MESH_FACE    17:    A:    11 B:    25 C:    17 AB:    1 BC:    1 CA:    1	 *MESH_SMOOTHING 1 	*MESH_MTLID 0
			*MESH_FACE    18:    A:    20 B:    26 C:    12 AB:    1 BC:    1 CA:    1	 *MESH_SMOOTHING 1 	*MESH_MTLID 0
			*MESH_FACE    19:    A:    25 B:    11 C:    31 AB:    1 BC:    1 CA:    1	 *MESH_SMOOTHING 1 	*MESH_MTLID 0
			*MESH_FACE    20:    A:    13 B:    0 C:    21 AB:    1 BC:    1 CA:    1	 *MESH_SMOOTHING 1 	*MESH_MTLID 0
			*MESH_FACE    21:    A:    18 B:    0 C:    13 AB:    1 BC:    1 CA:    1	 *MESH_SMOOTHING 1 	*MESH_MTLID 0
			*MESH_FACE    22:    A:    8 B:    14 C:    2 AB:    1 BC:    1 CA:    1	 *MESH_SMOOTHING 1 	*MESH_MTLID 0
			*MESH_FACE    23:    A:    25 B:    36 C:    29 AB:    1 BC:    1 CA:    1	 *MESH_SMOOTHING 1 	*MESH_MTLID 0
			*MESH_FACE    24:    A:    16 B:    34 C:    15 AB:    1 BC:    1 CA:    1	 *MESH_SMOOTHING 1 	*MESH_MTLID 0
			*MESH_FACE    25:    A:    36 B:    2 C:    14 AB:    1 BC:    1 CA:    1	 *MESH_SMOOTHING 1 	*MESH_MTLID 0
			*MESH_FACE    26:    A:    9 B:    16 C:    35 AB:    1 BC:    1 CA:    1	 *MESH_SMOOTHING 1 	*MESH_MTLID 0
			*MESH_FACE    27:    A:    16 B:    9 C:    1 AB:    1 BC:    1 CA:    1	 *MESH_SMOOTHING 1 	*MESH_MTLID 0
			*MESH_FACE    28:    A:    17 B:    6 C:    11 AB:    1 BC:    1 CA:    1	 *MESH_SMOOTHING 1 	*MESH_MTLID 0
			*MESH_FACE    29:    A:    6 B:    17 C:    4 AB:    1 BC:    1 CA:    1	 *MESH_SMOOTHING 1 	*MESH_MTLID 0
			*MESH_FACE    30:    A:    18 B:    4 C:    17 AB:    1 BC:    1 CA:    1	 *MESH_SMOOTHING 1 	*MESH_MTLID 0
			*MESH_FACE    31:    A:    13 B:    19 C:    18 AB:    1 BC:    1 CA:    1	 *MESH_SMOOTHING 1 	*MESH_MTLID 0
			*MESH_FACE    32:    A:    6 B:    23 C:    19 AB:    1 BC:    1 CA:    1	 *MESH_SMOOTHING 1 	*MESH_MTLID 0
			*MESH_FACE    33:    A:    4 B:    18 C:    19 AB:    1 BC:    1 CA:    1	 *MESH_SMOOTHING 1 	*MESH_MTLID 0
			*MESH_FACE    34:    A:    3 B:    20 C:    7 AB:    1 BC:    1 CA:    1	 *MESH_SMOOTHING 1 	*MESH_MTLID 0
			*MESH_FACE    35:    A:    12 B:    7 C:    20 AB:    1 BC:    1 CA:    1	 *MESH_SMOOTHING 1 	*MESH_MTLID 0
			*MESH_FACE    36:    A:    21 B:    22 C:    13 AB:    1 BC:    1 CA:    1	 *MESH_SMOOTHING 1 	*MESH_MTLID 0
			*MESH_FACE    37:    A:    20 B:    3 C:    21 AB:    1 BC:    1 CA:    1	 *MESH_SMOOTHING 1 	*MESH_MTLID 0
			*MESH_FACE    38:    A:    22 B:    24 C:    7 AB:    1 BC:    1 CA:    1	 *MESH_SMOOTHING 1 	*MESH_MTLID 0
			*MESH_FACE    39:    A:    22 B:    21 C:    3 AB:    1 BC:    1 CA:    1	 *MESH_SMOOTHING 1 	*MESH_MTLID 0
			*MESH_FACE    40:    A:    19 B:    23 C:    4 AB:    1 BC:    1 CA:    1	 *MESH_SMOOTHING 1 	*MESH_MTLID 0
			*MESH_FACE    41:    A:    4 B:    23 C:    6 AB:    1 BC:    1 CA:    1	 *MESH_SMOOTHING 1 	*MESH_MTLID 0
			*MESH_FACE    42:    A:    3 B:    24 C:    22 AB:    1 BC:    1 CA:    1	 *MESH_SMOOTHING 1 	*MESH_MTLID 0
			*MESH_FACE    43:    A:    7 B:    24 C:    3 AB:    1 BC:    1 CA:    1	 *MESH_SMOOTHING 1 	*MESH_MTLID 0
			*MESH_FACE    44:    A:    25 B:    5 C:    15 AB:    1 BC:    1 CA:    1	 *MESH_SMOOTHING 1 	*MESH_MTLID 0
			*MESH_FACE    45:    A:    5 B:    25 C:    32 AB:    1 BC:    1 CA:    1	 *MESH_SMOOTHING 1 	*MESH_MTLID 0
			*MESH_FACE    46:    A:    31 B:    5 C:    25 AB:    1 BC:    1 CA:    1	 *MESH_SMOOTHING 1 	*MESH_MTLID 0
			*MESH_FACE    47:    A:    18 B:    25 C:    5 AB:    1 BC:    1 CA:    1	 *MESH_SMOOTHING 1 	*MESH_MTLID 0
			*MESH_FACE    48:    A:    15 B:    5 C:    26 AB:    1 BC:    1 CA:    1	 *MESH_SMOOTHING 1 	*MESH_MTLID 0
			*MESH_FACE    49:    A:    33 B:    26 C:    5 AB:    1 BC:    1 CA:    1	 *MESH_SMOOTHING 1 	*MESH_MTLID 0
			*MESH_FACE    50:    A:    26 B:    5 C:    31 AB:    1 BC:    1 CA:    1	 *MESH_SMOOTHING 1 	*MESH_MTLID 0
			*MESH_FACE    51:    A:    5 B:    26 C:    21 AB:    1 BC:    1 CA:    1	 *MESH_SMOOTHING 1 	*MESH_MTLID 0
			*MESH_FACE    52:    A:    35 B:    27 C:    9 AB:    1 BC:    1 CA:    1	 *MESH_SMOOTHING 1 	*MESH_MTLID 0
			*MESH_FACE    53:    A:    9 B:    27 C:    28 AB:    1 BC:    1 CA:    1	 *MESH_SMOOTHING 1 	*MESH_MTLID 0
			*MESH_FACE    54:    A:    1 B:    28 C:    26 AB:    1 BC:    1 CA:    1	 *MESH_SMOOTHING 1 	*MESH_MTLID 0
			*MESH_FACE    55:    A:    28 B:    1 C:    9 AB:    1 BC:    1 CA:    1	 *MESH_SMOOTHING 1 	*MESH_MTLID 0
			*MESH_FACE    56:    A:    14 B:    29 C:    36 AB:    1 BC:    1 CA:    1	 *MESH_SMOOTHING 1 	*MESH_MTLID 0
			*MESH_FACE    57:    A:    30 B:    29 C:    14 AB:    1 BC:    1 CA:    1	 *MESH_SMOOTHING 1 	*MESH_MTLID 0
			*MESH_FACE    58:    A:    14 B:    8 C:    30 AB:    1 BC:    1 CA:    1	 *MESH_SMOOTHING 1 	*MESH_MTLID 0
			*MESH_FACE    59:    A:    25 B:    30 C:    8 AB:    1 BC:    1 CA:    1	 *MESH_SMOOTHING 1 	*MESH_MTLID 0
			*MESH_FACE    60:    A:    22 B:    12 C:    31 AB:    1 BC:    1 CA:    1	 *MESH_SMOOTHING 1 	*MESH_MTLID 0
			*MESH_FACE    61:    A:    31 B:    12 C:    26 AB:    1 BC:    1 CA:    1	 *MESH_SMOOTHING 1 	*MESH_MTLID 0
			*MESH_FACE    62:    A:    2 B:    32 C:    8 AB:    1 BC:    1 CA:    1	 *MESH_SMOOTHING 1 	*MESH_MTLID 0
			*MESH_FACE    63:    A:    8 B:    32 C:    25 AB:    1 BC:    1 CA:    1	 *MESH_SMOOTHING 1 	*MESH_MTLID 0
			*MESH_FACE    64:    A:    26 B:    33 C:    1 AB:    1 BC:    1 CA:    1	 *MESH_SMOOTHING 1 	*MESH_MTLID 0
			*MESH_FACE    65:    A:    1 B:    33 C:    16 AB:    1 BC:    1 CA:    1	 *MESH_SMOOTHING 1 	*MESH_MTLID 0
			*MESH_FACE    66:    A:    15 B:    34 C:    2 AB:    1 BC:    1 CA:    1	 *MESH_SMOOTHING 1 	*MESH_MTLID 0
			*MESH_FACE    67:    A:    2 B:    34 C:    10 AB:    1 BC:    1 CA:    1	 *MESH_SMOOTHING 1 	*MESH_MTLID 0
			*MESH_FACE    68:    A:    26 B:    35 C:    15 AB:    1 BC:    1 CA:    1	 *MESH_SMOOTHING 1 	*MESH_MTLID 0
			*MESH_FACE    69:    A:    15 B:    35 C:    16 AB:    1 BC:    1 CA:    1	 *MESH_SMOOTHING 1 	*MESH_MTLID 0
			*MESH_FACE    70:    A:    15 B:    36 C:    25 AB:    1 BC:    1 CA:    1	 *MESH_SMOOTHING 1 	*MESH_MTLID 0
			*MESH_FACE    71:    A:    2 B:    36 C:    15 AB:    1 BC:    1 CA:    1	 *MESH_SMOOTHING 1 	*MESH_MTLID 0
		}
		*MESH_NUMTVERTEX 36
		*MESH_TVERTLIST {
			*MESH_TVERT 0	0.983689	0.403133	0
			*MESH_TVERT 1	0.98376	0.809998	0
			*MESH_TVERT 2	0.78339	0.805051	0
			*MESH_TVERT 3	0.552574	0.983116	0
			*MESH_TVERT 4	0.596092	0.981444	0
			*MESH_TVERT 5	0.603598	0.859834	0
			*MESH_TVERT 6	0.811873	0.146025	0
			*MESH_TVERT 7	0.982288	0.055326	0
			*MESH_TVERT 8	0.982493	0.32611	0
			*MESH_TVERT 9	0.545918	0.965082	0
			*MESH_TVERT 10	0.553709	0.850322	0
			*MESH_TVERT 11	0.511437	0.879778	0
			*MESH_TVERT 12	0.604232	0.427787	0
			*MESH_TVERT 13	0.80183	0.372735	0
			*MESH_TVERT 14	0.496709	0.976493	0
			*MESH_TVERT 15	0.457572	0.984926	0
			*MESH_TVERT 16	0.797652	0.448087	0
			*MESH_TVERT 17	0.565023	0.869122	0
			*MESH_TVERT 18	0.983787	0.37083	0
			*MESH_TVERT 19	0.800635	0.407443	0
			*MESH_TVERT 20	0.982427	0.361161	0
			*MESH_TVERT 21	0.982387	0.01481	0
			*MESH_TVERT 22	0.596296	0.517611	0
			*MESH_TVERT 23	0.567957	0.81366	0
			*MESH_TVERT 24	0.983693	0.834376	0
			*MESH_TVERT 25	0.775553	0.828191	0
			*MESH_TVERT 26	0.564012	0.478241	0
			*MESH_TVERT 27	0.639524	0.074607	0
			*MESH_TVERT 28	0.810606	0.115934	0
			*MESH_TVERT 29	0.475557	0.851025	0
			*MESH_TVERT 30	0.613656	0.031674	0
			*MESH_TVERT 31	0.643991	0.853309	0
			*MESH_TVERT 32	0.64409	0.982208	0
			*MESH_TVERT 33	0.799027	0.418054	0
			*MESH_TVERT 34	0.534505	0.837614	0
			*MESH_TVERT 35	0.561113	0.487497	0
		}
		*MESH_NUMTVFACES 72
		*MESH_TFACELIST {
			*MESH_TFACE 0	0	1	2
			*MESH_TFACE 1	3	4	5
			*MESH_TFACE 2	6	7	8
			*MESH_TFACE 3	8	7	6
			*MESH_TFACE 4	9	10	11
			*MESH_TFACE 5	11	10	9
			*MESH_TFACE 6	12	13	6
			*MESH_TFACE 7	9	14	11
			*MESH_TFACE 8	15	14	11
			*MESH_TFACE 9	6	13	12
			*MESH_TFACE 10	0	16	2
			*MESH_TFACE 11	3	17	5
			*MESH_TFACE 12	5	17	3
			*MESH_TFACE 13	2	16	0
			*MESH_TFACE 14	16	0	18
			*MESH_TFACE 15	18	0	16
			*MESH_TFACE 16	11	14	15
			*MESH_TFACE 17	19	13	12
			*MESH_TFACE 18	12	13	19
			*MESH_TFACE 19	13	19	20
			*MESH_TFACE 20	21	7	6
			*MESH_TFACE 21	6	7	21
			*MESH_TFACE 22	22	23	2
			*MESH_TFACE 23	5	4	3
			*MESH_TFACE 24	2	1	24
			*MESH_TFACE 25	25	2	23
			*MESH_TFACE 26	23	2	25
			*MESH_TFACE 27	2	23	22
			*MESH_TFACE 28	12	26	19
			*MESH_TFACE 29	26	12	27
			*MESH_TFACE 30	6	27	12
			*MESH_TFACE 31	21	28	6
			*MESH_TFACE 32	15	29	11
			*MESH_TFACE 33	27	6	28
			*MESH_TFACE 34	27	12	26
			*MESH_TFACE 35	19	26	12
			*MESH_TFACE 36	6	28	21
			*MESH_TFACE 37	12	27	6
			*MESH_TFACE 38	11	29	15
			*MESH_TFACE 39	28	6	27
			*MESH_TFACE 40	28	30	27
			*MESH_TFACE 41	27	30	26
			*MESH_TFACE 42	27	30	28
			*MESH_TFACE 43	26	30	27
			*MESH_TFACE 44	5	31	32
			*MESH_TFACE 45	18	33	16
			*MESH_TFACE 46	20	8	13
			*MESH_TFACE 47	6	13	8
			*MESH_TFACE 48	32	31	5
			*MESH_TFACE 49	16	33	18
			*MESH_TFACE 50	13	8	20
			*MESH_TFACE 51	8	13	6
			*MESH_TFACE 52	25	34	23
			*MESH_TFACE 53	23	34	35
			*MESH_TFACE 54	22	35	33
			*MESH_TFACE 55	35	22	23
			*MESH_TFACE 56	23	34	25
			*MESH_TFACE 57	35	34	23
			*MESH_TFACE 58	23	22	35
			*MESH_TFACE 59	33	35	22
			*MESH_TFACE 60	11	14	9
			*MESH_TFACE 61	20	19	13
			*MESH_TFACE 62	2	16	22
			*MESH_TFACE 63	22	16	33
			*MESH_TFACE 64	33	16	22
			*MESH_TFACE 65	22	16	2
			*MESH_TFACE 66	24	1	2
			*MESH_TFACE 67	2	1	0
			*MESH_TFACE 68	5	4	32
			*MESH_TFACE 69	24	25	2
			*MESH_TFACE 70	32	4	5
			*MESH_TFACE 71	2	25	24
		}
	}
}
*GEOMOBJECT {
	*NODE_NAME "zm_Frill1"
	*NODE_PARENT "Bip01 Spine1"
	*NODE_TM {
		*NODE_NAME "zm_Frill1"
		*TM_ROW0 -0.0870401	-0.407704	0.908956
		*TM_ROW1 -0.289952	-0.862549	-0.414653
		*TM_ROW2 0.953075	-0.299645	-0.0431381
		*TM_ROW3 -0.9062	-8.4061	51.3961
		*TM_POS -0.9062	-8.4061	51.3961
		*TM_ROTAXIS -0.6749	0.2589	-0.691
		*TM_ROTANGLE 3.2269
		*TM_SCALE 1	1	1
		*TM_SCALEAXIS 0	0	0
		*TM_SCALEAXISANG 0	0	0
	}
	*MATERIAL_REF 0
	*MESH {
		*TIMEVALUE 0
		*MESH_NUMVERTEX 20
		*MESH_NUMFACES 36
		*MESH_VERTEX_LIST {
			*MESH_VERTEX 0	13.5683	-22.6914	59.5118
			*MESH_VERTEX 1	-3.07309	-20.5123	43.8234
			*MESH_VERTEX 2	-12.811	-26.4048	61.8042
			*MESH_VERTEX 3	-19.1753	-12.964	58.3682
			*MESH_VERTEX 4	6.51914	-27.8561	68.6274
			*MESH_VERTEX 5	-16.685	-20.9626	67.817
			*MESH_VERTEX 6	-5.76067	-27.3028	63.0136
			*MESH_VERTEX 7	0.699028	-30.4183	62.2761
			*MESH_VERTEX 8	-2.43984	-17.9559	47.437
			*MESH_VERTEX 9	-13.6395	-20.434	68.4455
			*MESH_VERTEX 10	4.22183	-25.7403	69.0693
			*MESH_VERTEX 11	11.5019	-20.4358	59.6674
			*MESH_VERTEX 12	-16.2283	-12.1977	58.6989
			*MESH_VERTEX 13	-13.679	-17.3185	49.4508
			*MESH_VERTEX 14	7.17172	-23.5128	50.1791
			*MESH_VERTEX 15	6.78524	-20.8321	52.6084
			*MESH_VERTEX 16	-12.0497	-15.2366	51.9505
			*MESH_VERTEX 17	-6.37125	-29.6431	60.5893
			*MESH_VERTEX 18	-0.295976	-27.6504	64.8179
			*MESH_VERTEX 19	-10.6329	-24.5795	64.4569
		}
		*MESH_FACE_LIST {
			*MESH_FACE    0:    A:    7 B:    17 C:    1 AB:    1 BC:    1 CA:    1	 *MESH_SMOOTHING 1 	*MESH_MTLID 1
			*MESH_FACE    1:    A:    15 B:    8 C:    6 AB:    1 BC:    1 CA:    1	 *MESH_SMOOTHING 1 	*MESH_MTLID 1
			*MESH_FACE    2:    A:    2 B:    13 C:    1 AB:    1 BC:    1 CA:    1	 *MESH_SMOOTHING 1 	*MESH_MTLID 1
			*MESH_FACE    3:    A:    6 B:    8 C:    16 AB:    1 BC:    1 CA:    1	 *MESH_SMOOTHING 1 	*MESH_MTLID 1
			*MESH_FACE    4:    A:    15 B:    18 C:    10 AB:    1 BC:    1 CA:    1	 *MESH_SMOOTHING 1 	*MESH_MTLID 1
			*MESH_FACE    5:    A:    1 B:    14 C:    7 AB:    1 BC:    1 CA:    1	 *MESH_SMOOTHING 1 	*MESH_MTLID 1
			*MESH_FACE    6:    A:    2 B:    5 C:    3 AB:    1 BC:    1 CA:    1	 *MESH_SMOOTHING 1 	*MESH_MTLID 1
			*MESH_FACE    7:    A:    9 B:    19 C:    16 AB:    1 BC:    1 CA:    1	 *MESH_SMOOTHING 1 	*MESH_MTLID 1
			*MESH_FACE    8:    A:    6 B:    17 C:    7 AB:    1 BC:    1 CA:    1	 *MESH_SMOOTHING 1 	*MESH_MTLID 1
			*MESH_FACE    9:    A:    5 B:    2 C:    19 AB:    1 BC:    1 CA:    1	 *MESH_SMOOTHING 1 	*MESH_MTLID 1
			*MESH_FACE    10:    A:    18 B:    7 C:    4 AB:    1 BC:    1 CA:    1	 *MESH_SMOOTHING 1 	*MESH_MTLID 1
			*MESH_FACE    11:    A:    0 B:    4 C:    7 AB:    1 BC:    1 CA:    1	 *MESH_SMOOTHING 1 	*MESH_MTLID 1
			*MESH_FACE    12:    A:    8 B:    1 C:    13 AB:    1 BC:    1 CA:    1	 *MESH_SMOOTHING 1 	*MESH_MTLID 1
			*MESH_FACE    13:    A:    14 B:    1 C:    8 AB:    1 BC:    1 CA:    1	 *MESH_SMOOTHING 1 	*MESH_MTLID 1
			*MESH_FACE    14:    A:    19 B:    9 C:    5 AB:    1 BC:    1 CA:    1	 *MESH_SMOOTHING 1 	*MESH_MTLID 1
			*MESH_FACE    15:    A:    5 B:    9 C:    12 AB:    1 BC:    1 CA:    1	 *MESH_SMOOTHING 1 	*MESH_MTLID 1
			*MESH_FACE    16:    A:    4 B:    10 C:    18 AB:    1 BC:    1 CA:    1	 *MESH_SMOOTHING 1 	*MESH_MTLID 1
			*MESH_FACE    17:    A:    11 B:    10 C:    4 AB:    1 BC:    1 CA:    1	 *MESH_SMOOTHING 1 	*MESH_MTLID 1
			*MESH_FACE    18:    A:    4 B:    0 C:    11 AB:    1 BC:    1 CA:    1	 *MESH_SMOOTHING 1 	*MESH_MTLID 1
			*MESH_FACE    19:    A:    8 B:    15 C:    14 AB:    1 BC:    1 CA:    1	 *MESH_SMOOTHING 1 	*MESH_MTLID 1
			*MESH_FACE    20:    A:    12 B:    3 C:    5 AB:    1 BC:    1 CA:    1	 *MESH_SMOOTHING 1 	*MESH_MTLID 1
			*MESH_FACE    21:    A:    13 B:    16 C:    8 AB:    1 BC:    1 CA:    1	 *MESH_SMOOTHING 1 	*MESH_MTLID 1
			*MESH_FACE    22:    A:    3 B:    13 C:    2 AB:    1 BC:    1 CA:    1	 *MESH_SMOOTHING 1 	*MESH_MTLID 1
			*MESH_FACE    23:    A:    16 B:    13 C:    3 AB:    1 BC:    1 CA:    1	 *MESH_SMOOTHING 1 	*MESH_MTLID 1
			*MESH_FACE    24:    A:    0 B:    14 C:    15 AB:    1 BC:    1 CA:    1	 *MESH_SMOOTHING 1 	*MESH_MTLID 1
			*MESH_FACE    25:    A:    7 B:    14 C:    0 AB:    1 BC:    1 CA:    1	 *MESH_SMOOTHING 1 	*MESH_MTLID 1
			*MESH_FACE    26:    A:    10 B:    11 C:    15 AB:    1 BC:    1 CA:    1	 *MESH_SMOOTHING 1 	*MESH_MTLID 1
			*MESH_FACE    27:    A:    15 B:    11 C:    0 AB:    1 BC:    1 CA:    1	 *MESH_SMOOTHING 1 	*MESH_MTLID 1
			*MESH_FACE    28:    A:    16 B:    12 C:    9 AB:    1 BC:    1 CA:    1	 *MESH_SMOOTHING 1 	*MESH_MTLID 1
			*MESH_FACE    29:    A:    3 B:    12 C:    16 AB:    1 BC:    1 CA:    1	 *MESH_SMOOTHING 1 	*MESH_MTLID 1
			*MESH_FACE    30:    A:    2 B:    17 C:    6 AB:    1 BC:    1 CA:    1	 *MESH_SMOOTHING 1 	*MESH_MTLID 1
			*MESH_FACE    31:    A:    1 B:    17 C:    2 AB:    1 BC:    1 CA:    1	 *MESH_SMOOTHING 1 	*MESH_MTLID 1
			*MESH_FACE    32:    A:    6 B:    18 C:    15 AB:    1 BC:    1 CA:    1	 *MESH_SMOOTHING 1 	*MESH_MTLID 1
			*MESH_FACE    33:    A:    7 B:    18 C:    6 AB:    1 BC:    1 CA:    1	 *MESH_SMOOTHING 1 	*MESH_MTLID 1
			*MESH_FACE    34:    A:    16 B:    19 C:    6 AB:    1 BC:    1 CA:    1	 *MESH_SMOOTHING 1 	*MESH_MTLID 1
			*MESH_FACE    35:    A:    6 B:    19 C:    2 AB:    1 BC:    1 CA:    1	 *MESH_SMOOTHING 1 	*MESH_MTLID 1
		}
		*MESH_NUMTVERTEX 18
		*MESH_TVERTLIST {
			*MESH_TVERT 0	0.78339	0.805051	0
			*MESH_TVERT 1	0.98376	0.809998	0
			*MESH_TVERT 2	0.983689	0.403133	0
			*MESH_TVERT 3	0.603598	0.859834	0
			*MESH_TVERT 4	0.643991	0.853309	0
			*MESH_TVERT 5	0.64409	0.982208	0
			*MESH_TVERT 6	0.797652	0.448087	0
			*MESH_TVERT 7	0.596092	0.981444	0
			*MESH_TVERT 8	0.552574	0.983116	0
			*MESH_TVERT 9	0.567957	0.81366	0
			*MESH_TVERT 10	0.596296	0.517611	0
			*MESH_TVERT 11	0.983693	0.834376	0
			*MESH_TVERT 12	0.775553	0.828191	0
			*MESH_TVERT 13	0.983787	0.37083	0
			*MESH_TVERT 14	0.534505	0.837614	0
			*MESH_TVERT 15	0.561113	0.487497	0
			*MESH_TVERT 16	0.799027	0.418054	0
			*MESH_TVERT 17	0.565023	0.869122	0
		}
		*MESH_NUMTVFACES 36
		*MESH_TFACELIST {
			*MESH_TFACE 0	0	1	2
			*MESH_TFACE 1	3	4	5
			*MESH_TFACE 2	0	6	2
			*MESH_TFACE 3	5	4	3
			*MESH_TFACE 4	3	7	8
			*MESH_TFACE 5	2	6	0
			*MESH_TFACE 6	0	9	10
			*MESH_TFACE 7	8	7	3
			*MESH_TFACE 8	11	1	0
			*MESH_TFACE 9	9	0	12
			*MESH_TFACE 10	12	0	9
			*MESH_TFACE 11	10	9	0
			*MESH_TFACE 12	13	2	6
			*MESH_TFACE 13	6	2	13
			*MESH_TFACE 14	12	14	9
			*MESH_TFACE 15	9	14	15
			*MESH_TFACE 16	9	14	12
			*MESH_TFACE 17	15	14	9
			*MESH_TFACE 18	9	10	15
			*MESH_TFACE 19	13	16	6
			*MESH_TFACE 20	15	10	9
			*MESH_TFACE 21	6	16	13
			*MESH_TFACE 22	10	6	0
			*MESH_TFACE 23	16	6	10
			*MESH_TFACE 24	10	6	16
			*MESH_TFACE 25	0	6	10
			*MESH_TFACE 26	8	17	3
			*MESH_TFACE 27	16	15	10
			*MESH_TFACE 28	3	17	8
			*MESH_TFACE 29	10	15	16
			*MESH_TFACE 30	0	1	11
			*MESH_TFACE 31	2	1	0
			*MESH_TFACE 32	5	7	3
			*MESH_TFACE 33	0	12	11
			*MESH_TFACE 34	3	7	5
			*MESH_TFACE 35	11	12	0
		}
	}
}
*GEOMOBJECT {
	*NODE_NAME "zm_Frill2"
	*NODE_PARENT "Bip01 Head"
	*NODE_TM {
		*NODE_NAME "zm_Frill2"
		*TM_ROW0 0.0141943	0.0262903	0.999554
		*TM_ROW1 -0.121326	-0.992223	0.0278204
		*TM_ROW2 0.992511	-0.121667	-0.0108943
		*TM_ROW3 -4.3071	-24.4633	73.5666
		*TM_POS -4.3071	-24.4633	73.5666
		*TM_ROTAXIS 0.711146	-0.0335021	0.702246
		*TM_ROTANGLE 3.24689
		*TM_SCALE 1	1	1
		*TM_SCALEAXIS 0	0	0
		*TM_SCALEAXISANG 0	0	0
	}
	*MATERIAL_REF 0
	*MESH {
		*TIMEVALUE 0
		*MESH_NUMVERTEX 117
		*MESH_NUMFACES 220
		*MESH_VERTEX_LIST {
			*MESH_VERTEX 0	-4.60705	7.69612	66.5033
			*MESH_VERTEX 1	-21.6956	-14.732	82.7278
			*MESH_VERTEX 2	12.4814	-14.732	82.7276
			*MESH_VERTEX 3	3.82098	-14.7228	90.3598
			*MESH_VERTEX 4	9.11512	-36.3659	76.9257
			*MESH_VERTEX 5	-11.4707	-37.9515	67.6669
			*MESH_VERTEX 6	12.1476	-6.75458	68.4173
			*MESH_VERTEX 7	-21.3617	-6.75454	68.4172
			*MESH_VERTEX 8	-4.60709	-3.56132	79.9557
			*MESH_VERTEX 9	-15.5878	-17.7557	80.6623
			*MESH_VERTEX 10	6.37371	-17.7557	80.6623
			*MESH_VERTEX 11	2.44369	-15.0567	94.2208
			*MESH_VERTEX 12	-16.7171	-22.055	91.73
			*MESH_VERTEX 13	-18.3293	-36.3658	76.9256
			*MESH_VERTEX 14	-4.60711	-42.2391	67.1714
			*MESH_VERTEX 15	-13.4299	-14.7213	76.6261
			*MESH_VERTEX 16	4.21585	-14.7213	76.6262
			*MESH_VERTEX 17	-13.0351	-14.7228	90.3597
			*MESH_VERTEX 18	-4.60713	-46.5983	80.7757
			*MESH_VERTEX 19	3.98854	-33.0425	94.0421
			*MESH_VERTEX 20	-13.2027	-33.0425	94.0416
			*MESH_VERTEX 21	-4.6071	0.584281	81.6313
			*MESH_VERTEX 22	3.68837	-11.6149	79.8036
			*MESH_VERTEX 23	-12.9026	-11.6148	79.8035
			*MESH_VERTEX 24	-4.60705	2.33204	64.1861
			*MESH_VERTEX 25	-14.4069	-40.4106	85.301
			*MESH_VERTEX 26	5.19253	-40.4106	85.301
			*MESH_VERTEX 27	-10.3806	-39.9762	72.8688
			*MESH_VERTEX 28	-4.6071	-10.6429	76.0945
			*MESH_VERTEX 29	2.25645	-37.9516	67.6669
			*MESH_VERTEX 30	1.16635	-39.9761	72.8688
			*MESH_VERTEX 31	-4.60711	-43.2171	72.7404
			*MESH_VERTEX 32	-4.60712	-32.5091	97.7578
			*MESH_VERTEX 33	7.50296	-22.0551	91.7299
			*MESH_VERTEX 34	-4.60715	-16.2797	93.3447
			*MESH_VERTEX 35	-11.6578	-15.0567	94.2208
			*MESH_VERTEX 36	-17.6751	-25.4152	84.7584
			*MESH_VERTEX 37	8.461	-25.4152	84.7578
			*MESH_VERTEX 38	-18.9327	-16.3078	81.8912
			*MESH_VERTEX 39	-14.7781	-1.42696	72.2585
			*MESH_VERTEX 40	-14.0364	-6.64676	69.7373
			*MESH_VERTEX 41	9.71854	-16.3078	81.8912
			*MESH_VERTEX 42	5.56406	-1.42703	72.2586
			*MESH_VERTEX 43	4.82234	-6.64678	69.7373
			*MESH_VERTEX 44	-4.60711	-12.4358	93.2916
			*MESH_VERTEX 45	-19.3127	-8.18452	66.5962
			*MESH_VERTEX 46	10.0987	-8.18457	66.5963
			*MESH_VERTEX 47	-16.6756	-27.5359	74.2665
			*MESH_VERTEX 48	7.46139	-27.5359	74.2665
			*MESH_VERTEX 49	-4.60711	-44.9798	67.3534
			*MESH_VERTEX 50	5.2227	-8.23041	81.2566
			*MESH_VERTEX 51	-14.4368	-8.23038	81.2566
			*MESH_VERTEX 52	-13.9288	-22.9077	90.5271
			*MESH_VERTEX 53	-19.0792	-15.3495	81.2597
			*MESH_VERTEX 54	4.71459	-22.9078	90.5271
			*MESH_VERTEX 55	9.865	-15.3496	81.2598
			*MESH_VERTEX 56	-4.60709	-8.16598	77.8951
			*MESH_VERTEX 57	7.12027	-38.2267	81.3813
			*MESH_VERTEX 58	-16.3345	-38.2267	81.3814
			*MESH_VERTEX 59	6.27469	-5.24167	83.045
			*MESH_VERTEX 60	-15.4889	-5.24163	83.045
			*MESH_VERTEX 61	-4.6071	-8.54706	82.7788
			*MESH_VERTEX 62	-4.60717	-42.4926	89.4018
			*MESH_VERTEX 63	-7.29468	-44.2354	80.3853
			*MESH_VERTEX 64	-14.789	-39.3346	79.1724
			*MESH_VERTEX 65	-12.2512	-39.0481	82.1894
			*MESH_VERTEX 66	-1.91956	-44.2355	80.3853
