*3DSMAX_ASCIIEXPORT	110
*COMMENT "[ GothicSourcer v3.14 ] - June 2007"
*SCENE {
	*SCENE_FILENAME "GHOST_ARMOR.MAX"
	*SCENE_FIRSTFRAME 0
	*SCENE_LASTFRAME 100
	*SCENE_FRAMESPEED 25
	*SCENE_TICKSPERFRAME 192
	*SCENE_BACKGROUND_STATIC 0	0	0
	*SCENE_AMBIENT_STATIC 0.2	0.2	0.2
}
*MATERIAL_LIST {
	*MATERIAL_COUNT 1
	*MATERIAL 0 {
		*MATERIAL_NAME "Compound Material #1"
		*MATERIAL_CLASS "Multi/Sub-Object"
		*NUMSUBMTLS 2
		*SUBMATERIAL 0 {
			*MATERIAL_NAME "SCHERGE"
			*MATERIAL_CLASS "Standard"
			*MATERIAL_AMBIENT 0.0862745	0.054902	0.0745098
			*MATERIAL_DIFFUSE 0.0862745	0.054902	0.0745098
			*MATERIAL_SPECULAR 0.9	0.9	0.9
			*MATERIAL_SHINE 0.1
			*MATERIAL_SHINESTRENGTH 0
			*MATERIAL_TRANSPARENCY 0
			*MATERIAL_WIRESIZE 1
			*MATERIAL_SHADING Blinn
			*MATERIAL_XP_FALLOFF 0
			*MATERIAL_SELFILLUM 0
			*MATERIAL_FALLOFF In
			*MATERIAL_XP_TYPE Filter
			*MAP_DIFFUSE {
				*MAP_NAME "Map #1-1"
				*MAP_CLASS "Bitmap"
				*MAP_SUBNO 1
				*MAP_AMOUNT 1
				*BITMAP "HUM_GHOST_ARMOR_V0.TGA"
				*MAP_TYPE Screen
				*UVW_U_OFFSET 0
				*UVW_V_OFFSET 0
				*UVW_U_TILING 1
				*UVW_V_TILING 1
				*UVW_ANGLE 0
				*UVW_BLUR 1
				*UVW_BLUR_OFFSET 0
				*UVW_NOUSE_AMT 1
				*UVW_NOISE_SIZE 1
				*UVW_NOISE_LEVEL 1
				*UVW_NOISE_PHASE 0
				*BITMAP_FILTER Pyramidal
			}
		}
		*SUBMATERIAL 1 {
			*MATERIAL_NAME "FACE"
			*MATERIAL_CLASS "Standard"
			*MATERIAL_AMBIENT 0.129412	0.0509804	0.0509804
			*MATERIAL_DIFFUSE 0.129412	0.0509804	0.0509804
			*MATERIAL_SPECULAR 0.9	0.9	0.9
			*MATERIAL_SHINE 0.1
			*MATERIAL_SHINESTRENGTH 0
			*MATERIAL_TRANSPARENCY 0
			*MATERIAL_WIRESIZE 1
			*MATERIAL_SHADING Blinn
			*MATERIAL_XP_FALLOFF 0
			*MATERIAL_SELFILLUM 0
			*MATERIAL_FALLOFF In
			*MATERIAL_XP_TYPE Filter
			*MAP_DIFFUSE {
				*MAP_NAME "Map #1-2"
				*MAP_CLASS "Bitmap"
				*MAP_SUBNO 1
				*MAP_AMOUNT 1
				*BITMAP "HUM_GHOST_MASK.TGA"
				*MAP_TYPE Screen
				*UVW_U_OFFSET 0
				*UVW_V_OFFSET 0
				*UVW_U_TILING 1
				*UVW_V_TILING 1
				*UVW_ANGLE 0
				*UVW_BLUR 1
				*UVW_BLUR_OFFSET 0
				*UVW_NOUSE_AMT 1
				*UVW_NOISE_SIZE 1
				*UVW_NOISE_LEVEL 1
				*UVW_NOISE_PHASE 0
				*BITMAP_FILTER Pyramidal
			}
		}
	}
}
*HELPEROBJECT {
	*NODE_NAME "Bip01"
	*NODE_TM {
		*NODE_NAME "Bip01"
		*TM_ROW0 6.27438e-006	-1	0
		*TM_ROW1 1	6.27438e-006	0
		*TM_ROW2 -0	-0	1
		*TM_ROW3 0	-7.37745	99.9496
		*TM_POS 0	-7.37745	99.9496
		*TM_ROTAXIS 0	0	1
		*TM_ROTANGLE 1.57079
		*TM_SCALE 1	1	1
		*TM_SCALEAXIS 0	0	0
		*TM_SCALEAXISANG 0	0	0
	}
}
*HELPEROBJECT {
	*NODE_NAME "Bip01 Pelvis"
	*NODE_PARENT "Bip01"
	*NODE_TM {
		*NODE_NAME "Bip01 Pelvis"
		*TM_ROW0 1.19235e-007	5.11944e-006	1
		*TM_ROW1 -5.11944e-006	-1	5.11944e-006
		*TM_ROW2 1	-5.11944e-006	1.19235e-007
		*TM_ROW3 1e-005	-8.0113	99.9496
		*TM_POS 1e-005	-8.0113	99.9496
		*TM_ROTAXIS 0.707107	0	0.707107
		*TM_ROTANGLE 3.1416
		*TM_SCALE 1	1	1
		*TM_SCALEAXIS 0	0	0
		*TM_SCALEAXISANG 0	0	0
	}
}
*HELPEROBJECT {
	*NODE_NAME "Bip01 Spine"
	*NODE_PARENT "Bip01 Pelvis"
	*NODE_TM {
		*NODE_NAME "Bip01 Spine"
		*TM_ROW0 5.80251e-008	-0.0205914	0.999788
		*TM_ROW1 2.15881e-006	-0.999788	-0.0205914
		*TM_ROW2 1	2.15881e-006	5.80251e-008
		*TM_ROW3 1e-005	-7.92216	102.35
		*TM_POS 1e-005	-7.92216	102.35
		*TM_ROTAXIS -0.707088	0.00727998	-0.707088
		*TM_ROTANGLE 3.15616
		*TM_SCALE 1	1	1
		*TM_SCALEAXIS 0	0	0
		*TM_SCALEAXISANG 0	0	0
	}
}
*HELPEROBJECT {
	*NODE_NAME "Bip01 Spine1"
	*NODE_PARENT "Bip01 Spine"
	*NODE_TM {
		*NODE_NAME "Bip01 Spine1"
		*TM_ROW0 1.55782e-006	-0.00276991	0.999996
		*TM_ROW1 -1.92807e-006	-0.999996	-0.00276991
		*TM_ROW2 1	-1.92411e-006	-1.2436e-006
		*TM_ROW3 1e-005	-8.11442	112.175
		*TM_POS 1e-005	-8.11442	112.175
		*TM_ROTAXIS 0.707107	-0.000979995	0.707106
		*TM_ROTANGLE 3.13964
		*TM_SCALE 1	1	1
		*TM_SCALEAXIS 0	0	0
		*TM_SCALEAXISANG 0	0	0
	}
}
*HELPEROBJECT {
	*NODE_NAME "Bip01 Spine2"
	*NODE_PARENT "Bip01 Spine1"
	*NODE_TM {
		*NODE_NAME "Bip01 Spine2"
		*TM_ROW0 3.37713e-007	0.180247	0.983622
		*TM_ROW1 -1.62423e-006	-0.983622	0.180247
		*TM_ROW2 1	-1.62423e-006	3.37713e-007
		*TM_ROW3 1e-005	-8.1264	124.961
		*TM_POS 1e-005	-8.1264	124.961
		*TM_ROTAXIS -0.705652	-0.0641202	-0.705652
		*TM_ROTANGLE 3.01353
		*TM_SCALE 1	1	1
		*TM_SCALEAXIS 0	0	0
		*TM_SCALEAXISANG 0	0	0
	}
}
*HELPEROBJECT {
	*NODE_NAME "Bip01 Neck"
	*NODE_PARENT "Bip01 Spine2"
	*NODE_TM {
		*NODE_NAME "Bip01 Neck"
		*TM_ROW0 1.92e-006	-0.167043	0.98595
		*TM_ROW1 4.5374e-006	-0.98595	-0.167043
		*TM_ROW2 1	4.76837e-006	-9.41023e-007
		*TM_ROW3 -9.49106e-012	-2.71656	154.454
		*TM_POS -9.49106e-012	-2.71656	154.454
		*TM_ROTAXIS 0.70586	-0.05937	0.705859
		*TM_ROTANGLE 3.02299
		*TM_SCALE 1	1	1
		*TM_SCALEAXIS 0	0	0
		*TM_SCALEAXISANG 0	0	0
	}
}
*HELPEROBJECT {
	*NODE_NAME "Bip01 Head"
	*NODE_PARENT "Bip01 Neck"
	*NODE_TM {
		*NODE_NAME "Bip01 Head"
		*TM_ROW0 1.19212e-007	1.77867e-006	1
		*TM_ROW1 -1.79939e-006	-1	1.78864e-006
		*TM_ROW2 1	-1.79938e-006	1.19213e-007
		*TM_ROW3 3.02438e-011	-3.85901	161.198
		*TM_POS 3.02438e-011	-3.85901	161.198
		*TM_ROTAXIS -0.707107	3.79813e-009	-0.707107
		*TM_ROTANGLE 3.14159
		*TM_SCALE 1	1	1
		*TM_SCALEAXIS 0	0	0
		*TM_SCALEAXISANG 0	0	0
	}
}
*HELPEROBJECT {
	*NODE_NAME "ZS_HELMET"
	*NODE_PARENT "Bip01 Head"
	*NODE_TM {
		*NODE_NAME "ZS_HELMET"
		*TM_ROW0 1	7.85407e-013	1.92148e-013
		*TM_ROW1 -4.76429e-013	0.996917	-0.0784603
		*TM_ROW2 -2.80489e-013	0.0784603	0.996917
		*TM_ROW3 1e-005	-7.06248	173.704
		*TM_POS 1e-005	-7.06248	173.704
		*TM_ROTAXIS 1	3.01195e-012	-8.04124e-012
		*TM_ROTANGLE 0.078541
		*TM_SCALE 1	1	1
		*TM_SCALEAXIS 0	0	0
		*TM_SCALEAXISANG 0	0	0
	}
}
*HELPEROBJECT {
	*NODE_NAME "Bip01 L Clavicle"
	*NODE_PARENT "Bip01 Neck"
	*NODE_TM {
		*NODE_NAME "Bip01 L Clavicle"
		*TM_ROW0 0.935229	-0.203893	-0.289439
		*TM_ROW1 0.156435	0.971369	-0.178803
		*TM_ROW2 0.317608	0.121943	0.940348
		*TM_ROW3 7.96399	-1.25803	148.729
		*TM_POS 7.96399	-1.25803	148.729
		*TM_ROTAXIS 0.391939	-0.791119	0.469589
		*TM_ROTANGLE 0.39376
		*TM_SCALE 1	1	1
		*TM_SCALEAXIS 0	0	0
		*TM_SCALEAXISANG 0	0	0
	}
}
*HELPEROBJECT {
	*NODE_NAME "Bip01 L UpperArm"
	*NODE_PARENT "Bip01 L Clavicle"
	*NODE_TM {
		*NODE_NAME "Bip01 L UpperArm"
		*TM_ROW0 0.246229	0.0989032	-0.964152
		*TM_ROW1 0.412788	0.889345	0.196649
		*TM_ROW2 0.876913	-0.446412	0.178157
		*TM_ROW3 20.4269	-3.97508	144.872
		*TM_POS 20.4269	-3.97508	144.872
		*TM_ROTAXIS -0.325561	-0.932072	0.15891
		*TM_ROTANGLE 1.41328
		*TM_SCALE 1	1	1
		*TM_SCALEAXIS 0	0	0
		*TM_SCALEAXISANG 0	0	0
	}
}
*HELPEROBJECT {
	*NODE_NAME "Bip01 L Forearm"
	*NODE_PARENT "Bip01 L UpperArm"
	*NODE_TM {
		*NODE_NAME "Bip01 L Forearm"
		*TM_ROW0 0.0455122	-0.291882	-0.955371
		*TM_ROW1 0.478489	0.845886	-0.235638
		*TM_ROW2 0.876913	-0.44641	0.178161
		*TM_ROW3 27.2982	-1.21526	117.966
		*TM_POS 27.2982	-1.21526	117.966
		*TM_ROTAXIS -0.10545	-0.916697	0.385419
		*TM_ROTANGLE 1.53601
		*TM_SCALE 1	1	1
		*TM_SCALEAXIS 0	0	0
		*TM_SCALEAXISANG 0	0	0
	}
}
*HELPEROBJECT {
	*NODE_NAME "Bip01 L Hand"
	*NODE_PARENT "Bip01 L Forearm"
	*NODE_TM {
		*NODE_NAME "Bip01 L Hand"
		*TM_ROW0 0.0455126	-0.291885	-0.95537
		*TM_ROW1 -0.876533	0.447081	-0.178349
		*TM_ROW2 0.479185	0.845531	-0.2355
		*TM_ROW3 28.5642	-9.33439	91.391
		*TM_POS 28.5642	-9.33439	91.391
		*TM_ROTAXIS 0.551391	-0.772552	-0.314851
		*TM_ROTANGLE 1.95137
		*TM_SCALE 1	1	1
		*TM_SCALEAXIS 0	0	0
		*TM_SCALEAXISANG 0	0	0
	}
}
*HELPEROBJECT {
	*NODE_NAME "Bip01 L Finger0"
	*NODE_PARENT "Bip01 L Hand"
	*NODE_TM {
		*NODE_NAME "Bip01 L Finger0"
		*TM_ROW0 0.0455158	-0.291889	-0.955369
		*TM_ROW1 -0.876915	0.446405	-0.178166
		*TM_ROW2 0.478486	0.845886	-0.235644
		*TM_ROW3 29.15	-13.0909	79.0956
		*TM_POS 29.15	-13.0909	79.0956
		*TM_ROTAXIS 0.551581	-0.772311	-0.31511
		*TM_ROTANGLE 1.95181
		*TM_SCALE 1	1	1
		*TM_SCALEAXIS 0	0	0
		*TM_SCALEAXISANG 0	0	0
	}
}
*HELPEROBJECT {
	*NODE_NAME "ZS_LEFTHAND"
	*NODE_PARENT "Bip01 L Hand"
	*NODE_TM {
		*NODE_NAME "ZS_LEFTHAND"
		*TM_ROW0 0.435604	0.890062	-0.134306
		*TM_ROW1 0.180315	-0.232465	-0.955744
		*TM_ROW2 -0.881893	0.392109	-0.261754
		*TM_ROW3 26.7605	-11.5468	82.7857
		*TM_POS 26.7605	-11.5468	82.7857
		*TM_ROTAXIS 0.794322	0.440571	-0.418271
		*TM_ROTANGLE 2.12858
		*TM_SCALE 1	1	1
		*TM_SCALEAXIS 0	0	0
		*TM_SCALEAXISANG 0	0	0
	}
}
*HELPEROBJECT {
	*NODE_NAME "ZS_LEFTARM"
	*NODE_PARENT "Bip01 L Forearm"
	*NODE_TM {
		*NODE_NAME "ZS_LEFTARM"
		*TM_ROW0 0.0759921	-0.150177	-0.985734
		*TM_ROW1 0.524498	0.846792	-0.0885744
		*TM_ROW2 0.848013	-0.510285	0.143117
		*TM_ROW3 26.9101	-7.67833	110.055
		*TM_POS 26.9101	-7.67833	110.055
		*TM_ROTAXIS -0.21097	-0.917372	0.337521
		*TM_ROTANGLE 1.53784
		*TM_SCALE 1	1	1
		*TM_SCALEAXIS 0	0	0
		*TM_SCALEAXISANG 0	0	0
	}
}
*HELPEROBJECT {
	*NODE_NAME "Bip01 R Clavicle"
	*NODE_PARENT "Bip01 Neck"
	*NODE_TM {
		*NODE_NAME "Bip01 R Clavicle"
		*TM_ROW0 -0.935226	-0.203899	-0.289444
		*TM_ROW1 -0.156442	0.971369	-0.178799
		*TM_ROW2 0.317614	-0.121937	-0.940347
		*TM_ROW3 -7.96398	-1.25805	148.729
		*TM_POS -7.96398	-1.25805	148.729
		*TM_ROTAXIS -0.0929799	0.992639	-0.0776
		*TM_ROTANGLE 3.45235
		*TM_SCALE 1	1	1
		*TM_SCALEAXIS 0	0	0
		*TM_SCALEAXISANG 0	0	0
	}
}
*HELPEROBJECT {
	*NODE_NAME "Bip01 R UpperArm"
	*NODE_PARENT "Bip01 R Clavicle"
	*NODE_TM {
		*NODE_NAME "Bip01 R UpperArm"
		*TM_ROW0 -0.246232	0.0988939	-0.964153
		*TM_ROW1 -0.412792	0.889345	0.196643
		*TM_ROW2 0.876911	0.446415	-0.178163
		*TM_ROW3 -20.4269	-3.97512	144.872
		*TM_POS -20.4269	-3.97512	144.872
		*TM_ROTAXIS 0.12961	-0.955353	-0.265521
		*TM_ROTANGLE 1.84162
		*TM_SCALE 1	1	1
		*TM_SCALEAXIS 0	0	0
		*TM_SCALEAXISANG 0	0	0
	}
}
*HELPEROBJECT {
	*NODE_NAME "Bip01 R Forearm"
	*NODE_PARENT "Bip01 R UpperArm"
	*NODE_TM {
		*NODE_NAME "Bip01 R Forearm"
		*TM_ROW0 -0.0455085	-0.291889	-0.955369
		*TM_ROW1 -0.478487	0.845885	-0.235646
		*TM_ROW2 0.876915	0.446408	-0.17816
		*TM_ROW3 -27.2982	-1.21533	117.966
		*TM_POS -27.2982	-1.21533	117.966
		*TM_ROTAXIS 0.347279	-0.932937	-0.0950096
		*TM_ROTANGLE 1.76083
		*TM_SCALE 1	1	1
		*TM_SCALEAXIS 0	0	0
		*TM_SCALEAXISANG 0	0	0
	}
}
*HELPEROBJECT {
	*NODE_NAME "Bip01 R Hand"
	*NODE_PARENT "Bip01 R Forearm"
	*NODE_TM {
		*NODE_NAME "Bip01 R Hand"
		*TM_ROW0 -0.0455115	-0.291885	-0.95537
		*TM_ROW1 0.87653	0.447088	-0.17835
		*TM_ROW2 0.479192	-0.845527	0.235499
		*TM_ROW3 -28.5642	-9.33444	91.3911
		*TM_POS -28.5642	-9.33444	91.3911
		*TM_ROTAXIS -0.33922	-0.72939	0.59407
		*TM_ROTANGLE 1.75327
		*TM_SCALE 1	1	1
		*TM_SCALEAXIS 0	0	0
		*TM_SCALEAXISANG 0	0	0
	}
}
*HELPEROBJECT {
	*NODE_NAME "Bip01 R Finger0"
	*NODE_PARENT "Bip01 R Hand"
	*NODE_TM {
		*NODE_NAME "Bip01 R Finger0"
		*TM_ROW0 -0.0455059	-0.291877	-0.955373
		*TM_ROW1 0.876914	0.446413	-0.178153
		*TM_ROW2 0.478489	-0.845886	0.235637
		*TM_ROW3 -29.1499	-13.0909	79.0956
		*TM_POS -29.1499	-13.0909	79.0956
		*TM_ROTAXIS -0.33952	-0.729071	0.594291
		*TM_ROTANGLE 1.75354
		*TM_SCALE 1	1	1
		*TM_SCALEAXIS 0	0	0
		*TM_SCALEAXISANG 0	0	0
	}
}
*HELPEROBJECT {
	*NODE_NAME "ZS_RIGHTHAND"
	*NODE_PARENT "Bip01 R Hand"
	*NODE_TM {
		*NODE_NAME "ZS_RIGHTHAND"
		*TM_ROW0 -0.46434	0.856419	-0.225689
		*TM_ROW1 0.177858	0.339806	0.923525
		*TM_ROW2 0.867614	0.388689	-0.310107
		*TM_ROW3 -20.9389	-19.9852	85.8932
		*TM_POS -20.9389	-19.9852	85.8932
		*TM_ROTAXIS 0.383811	0.784581	0.486951
		*TM_ROTANGLE 3.91244
		*TM_SCALE 1	1	1
		*TM_SCALEAXIS 0	0	0
		*TM_SCALEAXISANG 0	0	0
	}
}
*HELPEROBJECT {
	*NODE_NAME "ZS_CROSSBOW"
	*NODE_PARENT "Bip01 Spine2"
	*NODE_TM {
		*NODE_NAME "ZS_CROSSBOW"
		*TM_ROW0 -0.38269	-0.111467	0.917128
		*TM_ROW1 -0.923877	0.0461701	-0.379894
		*TM_ROW2 1.51992e-006	-0.992695	-0.12065
		*TM_ROW3 -14.434	10.5915	165.98
		*TM_POS -14.434	10.5915	165.98
		*TM_ROTAXIS -0.447329	0.669479	-0.593039
		*TM_ROTANGLE 2.38705
		*TM_SCALE 1	1	1
		*TM_SCALEAXIS 0	0	0
		*TM_SCALEAXISANG 0	0	0
	}
}
*HELPEROBJECT {
	*NODE_NAME "ZS_LONGSWORD"
	*NODE_PARENT "Bip01 Spine2"
	*NODE_TM {
		*NODE_NAME "ZS_LONGSWORD"
		*TM_ROW0 -0.499832	-0.0915041	0.861275
		*TM_ROW1 -0.865727	0.0828173	-0.493617
		*TM_ROW2 -0.0261604	-0.992355	-0.120612
		*TM_ROW3 -18.1593	6.92629	157.64
		*TM_POS -18.1593	6.92629	157.64
		*TM_ROTAXIS -0.38996	0.69388	-0.60536
		*TM_ROTANGLE 2.44778
		*TM_SCALE 1	1	1
		*TM_SCALEAXIS 0	0	0
		*TM_SCALEAXISANG 0	0	0
	}
}
*HELPEROBJECT {
	*NODE_NAME "ZS_SHIELD"
	*NODE_PARENT "Bip01 Spine2"
	*NODE_TM {
		*NODE_NAME "ZS_SHIELD"
		*TM_ROW0 -0.0138684	0.114196	-0.993362
		*TM_ROW1 -0.908393	0.413755	0.0602472
		*TM_ROW2 0.417888	0.903198	0.0979969
		*TM_ROW3 8.76511	9.5282	131.875
		*TM_POS 8.76511	9.5282	131.875
		*TM_ROTAXIS 0.435421	-0.728972	-0.528212
		*TM_ROTANGLE 1.82457
		*TM_SCALE 1	1	1
		*TM_SCALEAXIS 0	0	0
		*TM_SCALEAXISANG 0	0	0
	}
}
*HELPEROBJECT {
	*NODE_NAME "ZS_BOW"
	*NODE_PARENT "Bip01 Spine2"
	*NODE_TM {
		*NODE_NAME "ZS_BOW"
		*TM_ROW0 -0.341816	-0.0868228	0.935748
		*TM_ROW1 0.0119437	0.995242	0.0967058
		*TM_ROW2 -0.939691	0.0442319	-0.339153
		*TM_ROW3 0.5012	12.4143	124.55
		*TM_POS 0.5012	12.4143	124.55
		*TM_ROTAXIS -0.0279299	0.998227	0.0525698
		*TM_ROTANGLE 1.92076
		*TM_SCALE 1	1	1
		*TM_SCALEAXIS 0	0	0
		*TM_SCALEAXISANG 0	0	0
	}
}
*HELPEROBJECT {
	*NODE_NAME "ZS_SWORD"
	*NODE_PARENT "Bip01 Spine"
	*NODE_TM {
		*NODE_NAME "ZS_SWORD"
		*TM_ROW0 5.79068e-007	-0.347172	0.937802
		*TM_ROW1 1.04308e-007	0.937802	0.347172
		*TM_ROW2 -1	-1.04308e-007	5.79068e-007
		*TM_ROW3 17.5015	-4.36211	106.367
		*TM_POS 17.5015	-4.36211	106.367
		*TM_ROTAXIS -0.17367	0.96937	0.17367
		*TM_ROTANGLE 1.6019
		*TM_SCALE 1	1	1
		*TM_SCALEAXIS 0	0	0
		*TM_SCALEAXISANG 0	0	0
	}
}
*HELPEROBJECT {
	*NODE_NAME "Bip01 L Thigh"
	*NODE_PARENT "Bip01 Pelvis"
	*NODE_TM {
		*NODE_NAME "Bip01 L Thigh"
		*TM_ROW0 0.053488	-0.0367919	-0.99789
		*TM_ROW1 -0.00215858	-0.999323	0.036729
		*TM_ROW2 -0.998566	0.000189466	-0.0535312
		*TM_ROW3 9.01023	-8.01129	99.9496
		*TM_POS 9.01023	-8.01129	99.9496
		*TM_ROTAXIS 0.72572	-0.01342	-0.68786
		*TM_ROTANGLE 3.16677
		*TM_SCALE 1	1	1
		*TM_SCALEAXIS 0	0	0
		*TM_SCALEAXISANG 0	0	0
	}
}
*HELPEROBJECT {
	*NODE_NAME "Bip01 L Calf"
	*NODE_PARENT "Bip01 L Thigh"
	*NODE_TM {
		*NODE_NAME "Bip01 L Calf"
		*TM_ROW0 0.0525127	0.197548	-0.978886
		*TM_ROW1 0.0103936	-0.980293	-0.197275
		*TM_ROW2 -0.998566	0.000185303	-0.0535308
		*TM_ROW3 11.1149	-9.45845	60.6877
		*TM_POS 11.1149	-9.45845	60.6877
		*TM_ROTAXIS 0.723901	0.0721501	-0.686121
		*TM_ROTANGLE 3.00478
		*TM_SCALE 1	1	1
		*TM_SCALEAXIS 0	0	0
		*TM_SCALEAXISANG 0	0	0
	}
}
*HELPEROBJECT {
	*NODE_NAME "Bip01 L Foot"
	*NODE_PARENT "Bip01 L Calf"
	*NODE_TM {
		*NODE_NAME "Bip01 L Foot"
		*TM_ROW0 -3.22212e-007	3.99911e-006	-1
		*TM_ROW1 0.173655	-0.984807	-4.01621e-006
		*TM_ROW2 -0.984806	-0.173656	-3.19308e-007
		*TM_ROW3 13.6935	0.240669	12.6267
		*TM_POS 13.6935	0.240669	12.6267
		*TM_ROTAXIS 0.705757	0.0617498	-0.705757
		*TM_ROTANGLE 3.26493
		*TM_SCALE 1	1	1
		*TM_SCALEAXIS 0	0	0
		*TM_SCALEAXISANG 0	0	0
	}
}
*HELPEROBJECT {
	*NODE_NAME "Bip01 L Toe0"
	*NODE_PARENT "Bip01 L Foot"
	*NODE_TM {
		*NODE_NAME "Bip01 L Toe0"
		*TM_ROW0 0.173646	-0.984808	4.92449e-006
		*TM_ROW1 4.92302e-006	5.85059e-006	1
		*TM_ROW2 -0.984808	-0.173646	5.82365e-006
		*TM_ROW3 17.6256	-22.0591	5.17763e-006
		*TM_POS 17.6256	-22.0591	5.17763e-006
		*TM_ROTAXIS -0.644398	0.540718	0.540718
		*TM_ROTANGLE 1.99673
		*TM_SCALE 1	1	1
		*TM_SCALEAXIS 0	0	0
		*TM_SCALEAXISANG 0	0	0
	}
}
*HELPEROBJECT {
	*NODE_NAME "Bip01 R Thigh"
	*NODE_PARENT "Bip01 Pelvis"
	*NODE_TM {
		*NODE_NAME "Bip01 R Thigh"
		*TM_ROW0 -0.0535034	-0.0367749	-0.99789
		*TM_ROW1 0.00205781	-0.999324	0.0367173
		*TM_ROW2 -0.998566	-8.89562e-005	0.0535432
		*TM_ROW3 -9.01021	-8.01132	99.9496
		*TM_POS -9.01021	-8.01132	99.9496
		*TM_ROTAXIS 0.687862	-0.01262	-0.725732
		*TM_ROTANGLE 3.16835
		*TM_SCALE 1	1	1
		*TM_SCALEAXIS 0	0	0
		*TM_SCALEAXISANG 0	0	0
	}
}
*HELPEROBJECT {
	*NODE_NAME "Bip01 R Calf"
	*NODE_PARENT "Bip01 R Thigh"
	*NODE_TM {
		*NODE_NAME "Bip01 R Calf"
		*TM_ROW0 -0.0525026	0.197539	-0.978888
		*TM_ROW1 -0.0104967	-0.980295	-0.19726
		*TM_ROW2 -0.998566	-8.16211e-005	0.0535419
		*TM_ROW3 -11.1154	-9.45856	60.6878
		*TM_POS -11.1154	-9.45856	60.6878
		*TM_ROTAXIS 0.686298	0.0684898	-0.724088
		*TM_ROTANGLE 2.99744
		*TM_SCALE 1	1	1
		*TM_SCALEAXIS 0	0	0
		*TM_SCALEAXISANG 0	0	0
	}
}
*HELPEROBJECT {
	*NODE_NAME "Bip01 R Foot"
	*NODE_PARENT "Bip01 R Calf"
	*NODE_TM {
		*NODE_NAME "Bip01 R Foot"
		*TM_ROW0 -5.87686e-007	-7.35037e-006	-1
		*TM_ROW1 -0.173652	-0.984807	7.3174e-006
		*TM_ROW2 -0.984807	0.173652	-5.91079e-007
		*TM_ROW3 -13.6935	0.240651	12.6267
		*TM_POS -13.6935	0.240651	12.6267
		*TM_ROTAXIS 0.705757	-0.0617498	-0.705757
		*TM_ROTANGLE 3.01826
		*TM_SCALE 1	1	1
		*TM_SCALEAXIS 0	0	0
		*TM_SCALEAXISANG 0	0	0
	}
}
*HELPEROBJECT {
	*NODE_NAME "Bip01 R Toe0"
	*NODE_PARENT "Bip01 R Foot"
	*NODE_TM {
		*NODE_NAME "Bip01 R Toe0"
		*TM_ROW0 -0.173651	-0.984807	3.31643e-006
		*TM_ROW1 3.32819e-006	2.90241e-006	1
		*TM_ROW2 -0.984808	0.173651	2.89714e-006
		*TM_ROW3 -17.6255	-22.0592	3.504e-005
		*TM_POS -17.6255	-22.0592	3.504e-005
		*TM_ROTAXIS -0.510271	0.608121	0.608121
		*TM_ROTANGLE 2.19793
		*TM_SCALE 1	1	1
		*TM_SCALEAXIS 0	0	0
		*TM_SCALEAXISANG 0	0	0
	}
}
*HELPEROBJECT {
	*NODE_NAME "Dummy"
	*NODE_PARENT "Bip01 L Finger0"
	*NODE_TM {
		*NODE_NAME "Dummy"
		*TM_ROW0 -1	-0	0
		*TM_ROW1 -0	-1	0
		*TM_ROW2 -0	-0	1
		*TM_ROW3 29.4429	-14.9692	72.9479
		*TM_POS 29.4429	-14.9692	72.9479
		*TM_ROTAXIS 0	0	-1
		*TM_ROTANGLE 3.14159
		*TM_SCALE 1	1	1
		*TM_SCALEAXIS 0	0	0
		*TM_SCALEAXISANG 0	0	0
	}
}
*HELPEROBJECT {
	*NODE_NAME "Dummy1"
	*NODE_PARENT "Bip01 R Finger0"
	*NODE_TM {
		*NODE_NAME "Dummy1"
		*TM_ROW0 -1	-0	0
		*TM_ROW1 -0	-1	0
		*TM_ROW2 -0	-0	1
		*TM_ROW3 -29.4428	-14.9691	72.9478
		*TM_POS -29.4428	-14.9691	72.9478
		*TM_ROTAXIS 0	0	-1
		*TM_ROTANGLE 3.14159
		*TM_SCALE 1	1	1
		*TM_SCALEAXIS 0	0	0
		*TM_SCALEAXISANG 0	0	0
	}
}
*HELPEROBJECT {
	*NODE_NAME "Dummy2"
	*NODE_PARENT "Bip01 L Toe0"
	*NODE_TM {
		*NODE_NAME "Dummy2"
		*TM_ROW0 -1	-0	0
		*TM_ROW1 -0	-1	0
		*TM_ROW2 -0	-0	1
		*TM_ROW3 19.5916	-33.209	-6.31335
		*TM_POS 19.5916	-33.209	-6.31335
		*TM_ROTAXIS 0	0	-1
		*TM_ROTANGLE 3.14159
		*TM_SCALE 1	1	1
		*TM_SCALEAXIS 0	0	0
		*TM_SCALEAXISANG 0	0	0
	}
}
*HELPEROBJECT {
	*NODE_NAME "Dummy3"
	*NODE_PARENT "Bip01 R Toe0"
	*NODE_TM {
		*NODE_NAME "Dummy3"
		*TM_ROW0 -1	-0	0
		*TM_ROW1 -0	-1	0
		*TM_ROW2 -0	-0	1
		*TM_ROW3 -19.5915	-33.2091	-6.3133
		*TM_POS -19.5915	-33.2091	-6.3133
		*TM_ROTAXIS 0	0	-1
		*TM_ROTANGLE 3.14159
		*TM_SCALE 1	1	1
		*TM_SCALEAXIS 0	0	0
		*TM_SCALEAXISANG 0	0	0
	}
}
*GEOMOBJECT {
	*NODE_NAME "zm_Skin"
	*NODE_PARENT "Bip01"
	*NODE_TM {
		*NODE_NAME "zm_Skin"
		*TM_ROW0 -1	-0	0
		*TM_ROW1 -0	-1	0
		*TM_ROW2 -0	-0	1
		*TM_ROW3 -0	-0	0
		*TM_POS -0	-0	0
		*TM_ROTAXIS 0	0	-1
		*TM_ROTANGLE 3.14159
		*TM_SCALE 1	1	1
		*TM_SCALEAXIS 0	0	0
		*TM_SCALEAXISANG 0	0	0
	}
	*MATERIAL_REF 0
	*MESH_SOFTSKIN {
		*TIMEVALUE 0
		*MESH_NUMVERTEX 299
		*MESH_NUMFACES 558
		*MESH_VERTEX_LIST {
			*MESH_VERTEX 0	22.7548	8.56054	134.091
			*MESH_VERTEX 1	21.3517	15.3153	7.88589
			*MESH_VERTEX 2	-20.2107	-24.9804	8.56115
			*MESH_VERTEX 3	30.2786	1.24557	91.6731
			*MESH_VERTEX 4	9.76824	-12.6722	157.529
			*MESH_VERTEX 5	5.92726	0.945995	187.517
			*MESH_VERTEX 6	12.9422	12.0292	161.07
			*MESH_VERTEX 7	13.1347	-6.04087	16.3505
			*MESH_VERTEX 8	11.2174	-21.0951	3.06655
			*MESH_VERTEX 9	11.3957	9.73315	4.54604
			*MESH_VERTEX 10	-10.0382	8.84407	6.11897
			*MESH_VERTEX 11	-8.19431	-22.361	2.05172
			*MESH_VERTEX 12	-9.92718	-8.32842	17.3305
			*MESH_VERTEX 13	23.9477	-22.7179	9.85951
			*MESH_VERTEX 14	-20.242	13.9804	8.127
			*MESH_VERTEX 15	16.9155	-6.30914	119.106
			*MESH_VERTEX 16	28.6183	-4.09864	108.475
			*MESH_VERTEX 17	36.7261	-12.4367	92.3944
			*MESH_VERTEX 18	-20.7204	-14.9083	79.4089
			*MESH_VERTEX 19	-24.0721	-6.28898	108.698
			*MESH_VERTEX 20	-32.3938	-10.1308	79.6569
			*MESH_VERTEX 21	-22.8027	8.73443	132.872
			*MESH_VERTEX 22	-13.7504	-16.6826	144.246
			*MESH_VERTEX 23	-28.1132	8.50973	114.992
			*MESH_VERTEX 24	-30.2645	4.88872	145.221
			*MESH_VERTEX 25	-27.6593	6.41341	156.82
			*MESH_VERTEX 26	14.6525	-10.1214	131.005
			*MESH_VERTEX 27	36.4346	-6.42086	135.896
			*MESH_VERTEX 28	-36.9636	-11.4199	89.2036
			*MESH_VERTEX 29	-19.1815	-6.14985	117.846
			*MESH_VERTEX 30	-14.8486	-10.0789	130.143
			*MESH_VERTEX 31	-29.5507	-12.5841	133.001
			*MESH_VERTEX 32	-21.0623	-16.5221	92.2385
			*MESH_VERTEX 33	-30.3766	2.39085	88.6499
			*MESH_VERTEX 34	-18.661	-4.42027	91.6989
			*MESH_VERTEX 35	-28.2848	-5.46517	108.391
			*MESH_VERTEX 36	27.5746	-7.37231	79.3627
			*MESH_VERTEX 37	24.9203	-5.30607	109.806
			*MESH_VERTEX 38	22.2087	-14.6848	80.9713
			*MESH_VERTEX 39	32.3266	-0.517011	108.118
			*MESH_VERTEX 40	5.03541	-24.7549	182.098
			*MESH_VERTEX 41	26.0457	-16.0707	86.6341
			*MESH_VERTEX 42	-14.7962	-14.276	134.106
			*MESH_VERTEX 43	-22.3025	-11.2595	88.3524
			*MESH_VERTEX 44	-26.1097	-7.64541	90.616
			*MESH_VERTEX 45	22.5352	-17.125	3.60543
			*MESH_VERTEX 46	-20.4104	-14.0102	83.9315
			*MESH_VERTEX 47	-19.8663	-18.4889	2.33234
			*MESH_VERTEX 48	11.8968	3.24382	117.632
			*MESH_VERTEX 49	20.7119	-17.5551	95.0885
			*MESH_VERTEX 50	18.6423	-5.14963	94.6253
			*MESH_VERTEX 51	25.9563	6.55027	158.471
			*MESH_VERTEX 52	24.0641	10.2523	122.774
			*MESH_VERTEX 53	27.9392	5.49278	147.001
			*MESH_VERTEX 54	21.0185	14.2523	140.414
			*MESH_VERTEX 55	-6.69807	-24.6465	181.851
			*MESH_VERTEX 56	-13.6221	2.56898	116.356
			*MESH_VERTEX 57	-27.6102	-18.1535	82.2638
			*MESH_VERTEX 58	-14.9385	-19.6914	126.068
			*MESH_VERTEX 59	-7.27158	1.06713	186.901
			*MESH_VERTEX 60	-10.1809	-22.0978	172.356
			*MESH_VERTEX 61	-6.70286	-17.8895	181.689
			*MESH_VERTEX 62	9.06233	-22.2548	172.743
			*MESH_VERTEX 63	5.03158	-17.963	181.907
			*MESH_VERTEX 64	-17.1022	-8.57553	121.654
			*MESH_VERTEX 65	-38.6738	3.23532	115.854
			*MESH_VERTEX 66	26.3223	0.434198	107.694
			*MESH_VERTEX 67	33.3754	-10.145	81.277
			*MESH_VERTEX 68	-26.5387	-7.33382	77.8712
			*MESH_VERTEX 69	-30.9216	-1.86874	107.099
			*MESH_VERTEX 70	-25.3519	-0.982456	106.782
			*MESH_VERTEX 71	15.6165	-8.63651	121.771
			*MESH_VERTEX 72	23.0671	-11.4291	89.6749
			*MESH_VERTEX 73	-12.383	-12.5651	157.074
			*MESH_VERTEX 74	11.7138	-19.9547	126.75
			*MESH_VERTEX 75	11.457	6.9436	16.3959
			*MESH_VERTEX 76	17.669	1.44011	15.197
			*MESH_VERTEX 77	-10.8405	5.08427	16.4119
			*MESH_VERTEX 78	-15.9413	-0.681673	14.8238
			*MESH_VERTEX 79	7.74018	-20.8714	164.649
			*MESH_VERTEX 80	-9.18451	-20.7265	164.288
			*MESH_VERTEX 81	-0.332552	-16.9001	157.873
			*MESH_VERTEX 82	-14.7588	12.2048	160.283
			*MESH_VERTEX 83	-24.8037	-1.60868	160.252
			*MESH_VERTEX 84	7.99815	8.84823	179.398
			*MESH_VERTEX 85	31.0582	-5.51697	110.011
			*MESH_VERTEX 86	-0.243488	-20.8675	159.475
			*MESH_VERTEX 87	28.5784	-18.2293	83.6723
			*MESH_VERTEX 88	1.31673	-6.09247	19.2986
			*MESH_VERTEX 89	-29.8323	-6.51119	108.751
			*MESH_VERTEX 90	12.2832	-16.1453	145
			*MESH_VERTEX 91	21.1744	1.37189	160.276
			*MESH_VERTEX 92	24.9102	-15.4949	81.5472
			*MESH_VERTEX 93	23.4651	-16.1633	86.4656
			*MESH_VERTEX 94	27.5449	-12.5577	93.7109
			*MESH_VERTEX 95	-23.2255	14.2619	138.924
			*MESH_VERTEX 96	37.1668	4.03092	117.478
			*MESH_VERTEX 97	12.5247	4.94643	112.342
			*MESH_VERTEX 98	-5.84363	-0.813751	15.1031
			*MESH_VERTEX 99	-10.886	-22.8317	6.67597
			*MESH_VERTEX 100	7.75872	0.583621	15.3503
			*MESH_VERTEX 101	6.42932	-17.1399	162.747
			*MESH_VERTEX 102	-8.02942	-17.0594	162.48
			*MESH_VERTEX 103	18.7648	5.89614	2.90795
			*MESH_VERTEX 104	36.1751	-3.74506	91.1102
			*MESH_VERTEX 105	13.563	-14.7314	135.8
			*MESH_VERTEX 106	17.5626	-12.4212	153.178
			*MESH_VERTEX 107	8.67615	22.8921	9.1813
			*MESH_VERTEX 108	-36.4537	-2.70023	88.1346
			*MESH_VERTEX 109	29.9716	-10.9009	118.766
			*MESH_VERTEX 110	-25.5132	-8.58238	7.84981
			*MESH_VERTEX 111	29.1081	-18.4741	94.0624
			*MESH_VERTEX 112	27.2389	-5.59098	8.63456
			*MESH_VERTEX 113	-9.46076	9.03829	178.7
			*MESH_VERTEX 114	-29.3579	-17.393	91.1487
			*MESH_VERTEX 115	-0.306592	12.0756	179.958
			*MESH_VERTEX 116	26.826	-7.79526	92.1938
			*MESH_VERTEX 117	-14.5433	5.254	111.374
			*MESH_VERTEX 118	-15.9357	4.56473	2.73229
			*MESH_VERTEX 119	-14.4742	-14.9476	118.483
			*MESH_VERTEX 120	21.7545	-14.9908	80.6604
			*MESH_VERTEX 121	-0.555945	-9.71657	188.667
			*MESH_VERTEX 122	-1.00495	19.537	135.68
			*MESH_VERTEX 123	-28.3973	-5.8991	85.9834
			*MESH_VERTEX 124	-5.63686	4.7308	3.27755
			*MESH_VERTEX 125	-10.9528	-9.59474	13.5508
			*MESH_VERTEX 126	-6.21292	-13.4648	8.38542
			*MESH_VERTEX 127	-0.32933	-15.0876	154.786
			*MESH_VERTEX 128	-26.8753	-12.3733	92.2792
			*MESH_VERTEX 129	27.3562	-5.01639	84.7708
			*MESH_VERTEX 130	29.1972	-6.01044	87.5373
			*MESH_VERTEX 131	-0.397789	-20.6136	168.372
			*MESH_VERTEX 132	-1.08373	8.86588	117.932
			*MESH_VERTEX 133	5.91703	9.84505	63.5445
			*MESH_VERTEX 134	3.10488	13.1748	93.7717
			*MESH_VERTEX 135	-11.2675	-23.8971	2.25335
			*MESH_VERTEX 136	-6.09448	-26.483	62.6888
			*MESH_VERTEX 137	-5.88308	-27.8838	9.88584
			*MESH_VERTEX 138	-36.743	-6.14607	134.613
			*MESH_VERTEX 139	-31.5141	-4.94693	151.814
			*MESH_VERTEX 140	14.1437	-7.63208	12.7799
			*MESH_VERTEX 141	14.7239	-22.597	3.04819
			*MESH_VERTEX 142	8.97945	-11.9556	8.96245
			*MESH_VERTEX 143	14.1154	-21.3212	7.40385
			*MESH_VERTEX 144	12.153	-15.225	119.048
			*MESH_VERTEX 145	-1.39023	-18.9005	119.019
			*MESH_VERTEX 146	-26.7951	-12.1893	147.907
			*MESH_VERTEX 147	-26.4829	-4.92188	83.2588
			*MESH_VERTEX 148	29.5559	-6.75303	155.365
			*MESH_VERTEX 149	-23.9054	-15.4264	80.2145
			*MESH_VERTEX 150	-21.1845	-14.6015	79.7039
			*MESH_VERTEX 151	-24.9444	-15.7829	85.2148
			*MESH_VERTEX 152	-22.5466	-16.7741	80.1231
			*MESH_VERTEX 153	17.5025	-9.08341	116.908
			*MESH_VERTEX 154	23.0996	-13.6346	80.8022
			*MESH_VERTEX 155	-22.0746	-13.5571	79.4991
			*MESH_VERTEX 156	8.48964	5.45344	1.78363
			*MESH_VERTEX 157	23.5572	-16.8453	81.4034
			*MESH_VERTEX 158	31.11	8.85218	116.425
			*MESH_VERTEX 159	-1.17896	-20.3527	142.087
			*MESH_VERTEX 160	-27.0822	-7.42587	109.073
			*MESH_VERTEX 161	-15.7508	-3.77548	166.762
			*MESH_VERTEX 162	-17.8498	1.91849	62.9706
			*MESH_VERTEX 163	16.887	0.490906	110.061
			*MESH_VERTEX 164	18.1851	-14.4341	95.414
			*MESH_VERTEX 165	-31.3132	-6.66724	84.8894
			*MESH_VERTEX 166	14.1068	11.5524	127.108
			*MESH_VERTEX 167	13.4621	-3.47592	167.816
			*MESH_VERTEX 168	-16.5639	11.8707	125.937
			*MESH_VERTEX 169	-26.506	9.46395	138.827
			*MESH_VERTEX 170	21.4833	-12.5699	132.651
			*MESH_VERTEX 171	-18.4974	-12.6062	92.121
			*MESH_VERTEX 172	-10.364	11.6725	166.769
			*MESH_VERTEX 173	-6.36551	11.5866	102.586
			*MESH_VERTEX 174	-32.5554	-9.23208	91.2675
			*MESH_VERTEX 175	7.71372	-16.6217	171.589
			*MESH_VERTEX 176	-0.306341	-19.5257	181.44
			*MESH_VERTEX 177	28.0757	-6.49052	110.291
			*MESH_VERTEX 178	-17.8075	-12.721	8.75059
			*MESH_VERTEX 179	32.297	-6.86343	86.5566
			*MESH_VERTEX 180	-7.673	21.8678	9.17464
			*MESH_VERTEX 181	-25.5032	1.70358	89.7934
			*MESH_VERTEX 182	-32.4262	8.20881	115.046
			*MESH_VERTEX 183	-8.94265	-16.5274	171.281
			*MESH_VERTEX 184	24.2228	-13.5807	150.86
			*MESH_VERTEX 185	7.98696	11.6796	167.463
			*MESH_VERTEX 186	-0.440541	2.41147	188.155
			*MESH_VERTEX 187	20.3173	-11.1216	9.74581
			*MESH_VERTEX 188	31.2723	1.62513	152.087
			*MESH_VERTEX 189	33.2651	-9.45437	92.6975
			*MESH_VERTEX 190	-33.2504	1.3301	149.403
			*MESH_VERTEX 191	-24.4337	-14.1218	89.6999
			*MESH_VERTEX 192	21.3134	-14.1406	85.1814
			*MESH_VERTEX 193	-22.6206	-16.0561	85.1831
			*MESH_VERTEX 194	-5.65783	8.59352	63.4979
			*MESH_VERTEX 195	-16.2411	0.714697	108.981
			*MESH_VERTEX 196	-0.300129	-26.2438	182.985
			*MESH_VERTEX 197	-30.6048	-12.0225	92.4773
			*MESH_VERTEX 198	24.8199	-1.82396	108.51
			*MESH_VERTEX 199	-23.9524	-3.08477	107.541
			*MESH_VERTEX 200	25.388	-14.4498	91.1095
			*MESH_VERTEX 201	11.2034	-4.35999	177.643
			*MESH_VERTEX 202	13.177	0.0973505	160.651
			*MESH_VERTEX 203	-19.2875	-14.2471	152.163
			*MESH_VERTEX 204	15.8751	-6.82184	112.266
			*MESH_VERTEX 205	-15.0293	7.93898	103.101
			*MESH_VERTEX 206	-1.34181	15.1524	161.607
			*MESH_VERTEX 207	37.2496	-4.38705	122.148
			*MESH_VERTEX 208	17.6525	4.59237	64.7111
			*MESH_VERTEX 209	12.3341	7.93917	105.003
			*MESH_VERTEX 210	-0.955877	9.01043	111.361
			*MESH_VERTEX 211	4.6175	11.3428	103.471
			*MESH_VERTEX 212	-26.4072	-17.9513	80.8785
			*MESH_VERTEX 213	27.4028	-18.0112	82.253
			*MESH_VERTEX 214	10.1688	-26.8942	10.3954
			*MESH_VERTEX 215	-21.8219	-12.4698	131.753
			*MESH_VERTEX 216	-1.60444	-21.2816	125.475
			*MESH_VERTEX 217	17.1151	-4.72427	105.171
			*MESH_VERTEX 218	18.6376	-22.4171	63.8945
			*MESH_VERTEX 219	12.2844	-16.7962	104.817
			*MESH_VERTEX 220	19.7684	-6.81704	96.828
			*MESH_VERTEX 221	31.3066	-12.2595	93.8764
			*MESH_VERTEX 222	-12.7263	-4.37679	176.659
			*MESH_VERTEX 223	5.96818	-9.27609	187.046
			*MESH_VERTEX 224	-15.1359	0.131079	159.693
			*MESH_VERTEX 225	-1.20804	13.3383	123.205
			*MESH_VERTEX 226	25.1858	9.38858	139.954
			*MESH_VERTEX 227	-23.2817	-13.5674	140.014
			*MESH_VERTEX 228	29.9811	0.536811	107.649
			*MESH_VERTEX 229	32.3232	-9.68503	80.1517
			*MESH_VERTEX 230	32.3143	-3.20087	109.111
			*MESH_VERTEX 231	-18.9222	-9.81975	117.141
			*MESH_VERTEX 232	-30.9645	-4.34238	107.94
			*MESH_VERTEX 233	25.1909	-0.474432	92.8663
			*MESH_VERTEX 234	26.491	9.29761	116.181
			*MESH_VERTEX 235	35.5924	2.35078	136.399
			*MESH_VERTEX 236	-7.53737	-9.30034	186.251
			*MESH_VERTEX 237	-31.1615	-9.5646	78.5182
			*MESH_VERTEX 238	-18.3037	-6.64021	111.051
			*MESH_VERTEX 239	-19.286	-5.44955	103.242
			*MESH_VERTEX 240	-17.4031	-25.536	62.2633
			*MESH_VERTEX 241	-14.0565	-17.0333	104.057
			*MESH_VERTEX 242	-21.2589	-7.62856	95.2272
			*MESH_VERTEX 243	-15.0391	7.39548	117.9
			*MESH_VERTEX 244	-28.7502	-0.904405	106.741
			*MESH_VERTEX 245	-35.8298	2.62954	135.058
			*MESH_VERTEX 246	22.8895	-11.1791	3.31231
			*MESH_VERTEX 247	-0.826711	14.7533	167.968
			*MESH_VERTEX 248	-20.1577	-12.5487	2.22556
			*MESH_VERTEX 249	-31.2138	-5.39312	89.434
			*MESH_VERTEX 250	-23.3756	-11.042	118.764
			*MESH_VERTEX 251	-39.1112	-5.63919	116.762
			*MESH_VERTEX 252	32.0417	-5.63144	91.0256
			*MESH_VERTEX 253	13.1335	7.10028	118.813
			*MESH_VERTEX 254	21.8688	-10.3826	117.987
			*MESH_VERTEX 255	-25.8814	9.70119	120.954
			*MESH_VERTEX 256	-4.90656	12.6283	92.9951
			*MESH_VERTEX 257	15.1955	7.63535	95.133
			*MESH_VERTEX 258	29.2118	-12.7839	134.071
			*MESH_VERTEX 259	19.5665	-14.113	144.563
			*MESH_VERTEX 260	29.1752	-4.92583	90.9755
			*MESH_VERTEX 261	-1.28662	-19.152	112.359
			*MESH_VERTEX 262	6.6917	-25.3668	63.0833
			*MESH_VERTEX 263	3.27602	-20.1749	104.898
			*MESH_VERTEX 264	-28.4467	-4.78402	89.3696
			*MESH_VERTEX 265	13.5413	-17.7912	97.8776
			*MESH_VERTEX 266	-31.4013	-11.413	119.866
			*MESH_VERTEX 267	30.6273	9.15112	120.811
			*MESH_VERTEX 268	-15.073	-18.2235	97.0621
			*MESH_VERTEX 269	-4.99431	-20.1825	104.35
			*MESH_VERTEX 270	-29.9848	7.11965	134.441
			*MESH_VERTEX 271	29.8077	-10.7494	121.28
			*MESH_VERTEX 272	29.8069	6.89804	135.7
			*MESH_VERTEX 273	-16.7387	7.28229	93.3745
			*MESH_VERTEX 274	-32.5699	8.29418	119.158
			*MESH_VERTEX 275	21.6547	-10.3261	120.202
			*MESH_VERTEX 276	-22.2895	-14.6045	62.487
			*MESH_VERTEX 277	12.424	-15.5269	112.049
			*MESH_VERTEX 278	-4.71486	-20.4393	97.4428
			*MESH_VERTEX 279	36.651	4.40815	121.701
			*MESH_VERTEX 280	-14.9537	-15.3606	111.465
			*MESH_VERTEX 281	37.6286	-4.72648	118.485
			*MESH_VERTEX 282	22.2487	-11.096	64.5192
			*MESH_VERTEX 283	-18.1409	2.5552	56.0126
			*MESH_VERTEX 284	19.4178	-22.4503	56.7963
			*MESH_VERTEX 285	4.27495	-20.4411	97.5585
			*MESH_VERTEX 286	-5.54638	9.46319	57.6079
			*MESH_VERTEX 287	23.2112	-10.895	57.4451
			*MESH_VERTEX 288	-1.54136	16.6719	152.269
			*MESH_VERTEX 289	6.55524	10.656	58.4049
			*MESH_VERTEX 290	-38.313	3.66324	120.061
			*MESH_VERTEX 291	-17.778	-25.632	54.8522
			*MESH_VERTEX 292	-23.2506	-11.1598	117.235
			*MESH_VERTEX 293	-5.93486	-26.719	55.484
			*MESH_VERTEX 294	18.324	5.27207	57.6539
			*MESH_VERTEX 295	-22.8606	-14.6014	55.2298
			*MESH_VERTEX 296	7.19123	-25.6021	55.6332
			*MESH_VERTEX 297	-38.8682	-5.0935	120.698
			*MESH_VERTEX 298	-31.3815	-11.7674	117.55
		}
		*MESH_FACE_LIST {
			*MESH_FACE    0:    A:    214 B:    296 C:    293 AB:    1 BC:    1 CA:    1	 *MESH_SMOOTHING 1 	*MESH_MTLID 0
			*MESH_FACE    1:    A:    180 B:    14 C:    283 AB:    1 BC:    1 CA:    1	 *MESH_SMOOTHING 1 	*MESH_MTLID 0
			*MESH_FACE    2:    A:    218 B:    220 C:    265 AB:    1 BC:    1 CA:    1	 *MESH_SMOOTHING 1 	*MESH_MTLID 0
			*MESH_FACE    3:    A:    164 B:    153 C:    163 AB:    1 BC:    1 CA:    1	 *MESH_SMOOTHING 1 	*MESH_MTLID 0
			*MESH_FACE    4:    A:    52 B:    0 C:    272 AB:    1 BC:    1 CA:    1	 *MESH_SMOOTHING 1 	*MESH_MTLID 0
			*MESH_FACE    5:    A:    180 B:    286 C:    289 AB:    1 BC:    1 CA:    1	 *MESH_SMOOTHING 1 	*MESH_MTLID 0
			*MESH_FACE    6:    A:    185 B:    247 C:    84 AB:    1 BC:    1 CA:    1	 *MESH_SMOOTHING 1 	*MESH_MTLID 0
			*MESH_FACE    7:    A:    268 B:    136 C:    278 AB:    1 BC:    1 CA:    1	 *MESH_SMOOTHING 1 	*MESH_MTLID 0
			*MESH_FACE    8:    A:    167 B:    79 C:    4 AB:    1 BC:    1 CA:    1	 *MESH_SMOOTHING 1 	*MESH_MTLID 0
			*MESH_FACE    9:    A:    27 B:    148 C:    184 AB:    1 BC:    1 CA:    1	 *MESH_SMOOTHING 1 	*MESH_MTLID 0
			*MESH_FACE    10:    A:    187 B:    76 C:    140 AB:    1 BC:    1 CA:    1	 *MESH_SMOOTHING 1 	*MESH_MTLID 0
			*MESH_FACE    11:    A:    142 B:    140 C:    100 AB:    1 BC:    1 CA:    1	 *MESH_SMOOTHING 1 	*MESH_MTLID 0
			*MESH_FACE    12:    A:    78 B:    178 C:    125 AB:    1 BC:    1 CA:    1	 *MESH_SMOOTHING 1 	*MESH_MTLID 0
			*MESH_FACE    13:    A:    125 B:    126 C:    98 AB:    1 BC:    1 CA:    1	 *MESH_SMOOTHING 1 	*MESH_MTLID 0
			*MESH_FACE    14:    A:    284 B:    112 C:    287 AB:    1 BC:    1 CA:    1	 *MESH_SMOOTHING 1 	*MESH_MTLID 0
			*MESH_FACE    15:    A:    180 B:    88 C:    14 AB:    1 BC:    1 CA:    1	 *MESH_SMOOTHING 1 	*MESH_MTLID 0
			*MESH_FACE    16:    A:    88 B:    110 C:    14 AB:    1 BC:    1 CA:    1	 *MESH_SMOOTHING 1 	*MESH_MTLID 0
			*MESH_FACE    17:    A:    110 B:    283 C:    14 AB:    1 BC:    1 CA:    1	 *MESH_SMOOTHING 1 	*MESH_MTLID 0
			*MESH_FACE    18:    A:    294 B:    287 C:    112 AB:    1 BC:    1 CA:    1	 *MESH_SMOOTHING 1 	*MESH_MTLID 0
			*MESH_FACE    19:    A:    0 B:    52 C:    48 AB:    1 BC:    1 CA:    1	 *MESH_SMOOTHING 1 	*MESH_MTLID 0
			*MESH_FACE    20:    A:    16 B:    17 C:    111 AB:    1 BC:    1 CA:    1	 *MESH_SMOOTHING 1 	*MESH_MTLID 0
			*MESH_FACE    21:    A:    109 B:    111 C:    17 AB:    1 BC:    1 CA:    1	 *MESH_SMOOTHING 1 	*MESH_MTLID 0
			*MESH_FACE    22:    A:    3 B:    104 C:    16 AB:    1 BC:    1 CA:    1	 *MESH_SMOOTHING 1 	*MESH_MTLID 0
			*MESH_FACE    23:    A:    279 B:    235 C:    27 AB:    1 BC:    1 CA:    1	 *MESH_SMOOTHING 1 	*MESH_MTLID 0
			*MESH_FACE    24:    A:    89 B:    174 C:    197 AB:    1 BC:    1 CA:    1	 *MESH_SMOOTHING 1 	*MESH_MTLID 0
			*MESH_FACE    25:    A:    44 B:    264 C:    199 AB:    1 BC:    1 CA:    1	 *MESH_SMOOTHING 1 	*MESH_MTLID 0
			*MESH_FACE    26:    A:    295 B:    110 C:    291 AB:    1 BC:    1 CA:    1	 *MESH_SMOOTHING 1 	*MESH_MTLID 0
			*MESH_FACE    27:    A:    25 B:    82 C:    288 AB:    1 BC:    1 CA:    1	 *MESH_SMOOTHING 1 	*MESH_MTLID 0
			*MESH_FACE    28:    A:    73 B:    22 C:    159 AB:    1 BC:    1 CA:    1	 *MESH_SMOOTHING 1 	*MESH_MTLID 0
			*MESH_FACE    29:    A:    83 B:    203 C:    73 AB:    1 BC:    1 CA:    1	 *MESH_SMOOTHING 1 	*MESH_MTLID 0
			*MESH_FACE    30:    A:    292 B:    32 C:    231 AB:    1 BC:    1 CA:    1	 *MESH_SMOOTHING 1 	*MESH_MTLID 0
			*MESH_FACE    31:    A:    95 B:    122 C:    168 AB:    1 BC:    1 CA:    1	 *MESH_SMOOTHING 1 	*MESH_MTLID 0
			*MESH_FACE    32:    A:    21 B:    255 C:    270 AB:    1 BC:    1 CA:    1	 *MESH_SMOOTHING 1 	*MESH_MTLID 0
			*MESH_FACE    33:    A:    139 B:    138 C:    146 AB:    1 BC:    1 CA:    1	 *MESH_SMOOTHING 1 	*MESH_MTLID 0
			*MESH_FACE    34:    A:    95 B:    25 C:    122 AB:    1 BC:    1 CA:    1	 *MESH_SMOOTHING 1 	*MESH_MTLID 0
			*MESH_FACE    35:    A:    270 B:    274 C:    245 AB:    1 BC:    1 CA:    1	 *MESH_SMOOTHING 1 	*MESH_MTLID 0
			*MESH_FACE    36:    A:    184 B:    258 C:    27 AB:    1 BC:    1 CA:    1	 *MESH_SMOOTHING 1 	*MESH_MTLID 0
			*MESH_FACE    37:    A:    74 B:    15 C:    105 AB:    1 BC:    1 CA:    1	 *MESH_SMOOTHING 1 	*MESH_MTLID 0
			*MESH_FACE    38:    A:    104 B:    96 C:    281 AB:    1 BC:    1 CA:    1	 *MESH_SMOOTHING 1 	*MESH_MTLID 0
			*MESH_FACE    39:    A:    17 B:    281 C:    109 AB:    1 BC:    1 CA:    1	 *MESH_SMOOTHING 1 	*MESH_MTLID 0
			*MESH_FACE    40:    A:    290 B:    245 C:    274 AB:    1 BC:    1 CA:    1	 *MESH_SMOOTHING 1 	*MESH_MTLID 0
			*MESH_FACE    41:    A:    195 B:    34 C:    23 AB:    1 BC:    1 CA:    1	 *MESH_SMOOTHING 1 	*MESH_MTLID 0
			*MESH_FACE    42:    A:    295 B:    283 C:    110 AB:    1 BC:    1 CA:    1	 *MESH_SMOOTHING 1 	*MESH_MTLID 0
			*MESH_FACE    43:    A:    231 B:    171 C:    195 AB:    1 BC:    1 CA:    1	 *MESH_SMOOTHING 1 	*MESH_MTLID 0
			*MESH_FACE    44:    A:    298 B:    114 C:    292 AB:    1 BC:    1 CA:    1	 *MESH_SMOOTHING 1 	*MESH_MTLID 0
			*MESH_FACE    45:    A:    42 B:    29 C:    58 AB:    1 BC:    1 CA:    1	 *MESH_SMOOTHING 1 	*MESH_MTLID 0
			*MESH_FACE    46:    A:    31 B:    146 C:    138 AB:    1 BC:    1 CA:    1	 *MESH_SMOOTHING 1 	*MESH_MTLID 0
			*MESH_FACE    47:    A:    146 B:    31 C:    227 AB:    1 BC:    1 CA:    1	 *MESH_SMOOTHING 1 	*MESH_MTLID 0
			*MESH_FACE    48:    A:    114 B:    298 C:    28 AB:    1 BC:    1 CA:    1	 *MESH_SMOOTHING 1 	*MESH_MTLID 0
			*MESH_FACE    49:    A:    181 B:    23 C:    34 AB:    1 BC:    1 CA:    1	 *MESH_SMOOTHING 1 	*MESH_MTLID 0
			*MESH_FACE    50:    A:    182 B:    33 C:    65 AB:    1 BC:    1 CA:    1	 *MESH_SMOOTHING 1 	*MESH_MTLID 0
			*MESH_FACE    51:    A:    28 B:    108 C:    35 AB:    1 BC:    1 CA:    1	 *MESH_SMOOTHING 1 	*MESH_MTLID 0
			*MESH_FACE    52:    A:    34 B:    195 C:    171 AB:    1 BC:    1 CA:    1	 *MESH_SMOOTHING 1 	*MESH_MTLID 0
			*MESH_FACE    53:    A:    28 B:    35 C:    114 AB:    1 BC:    1 CA:    1	 *MESH_SMOOTHING 1 	*MESH_MTLID 0
			*MESH_FACE    54:    A:    171 B:    35 C:    34 AB:    1 BC:    1 CA:    1	 *MESH_SMOOTHING 1 	*MESH_MTLID 0
			*MESH_FACE    55:    A:    34 B:    35 C:    181 AB:    1 BC:    1 CA:    1	 *MESH_SMOOTHING 1 	*MESH_MTLID 0
			*MESH_FACE    56:    A:    198 B:    260 C:    116 AB:    1 BC:    1 CA:    1	 *MESH_SMOOTHING 1 	*MESH_MTLID 0
			*MESH_FACE    57:    A:    221 B:    189 C:    85 AB:    1 BC:    1 CA:    1	 *MESH_SMOOTHING 1 	*MESH_MTLID 0
			*MESH_FACE    58:    A:    221 B:    85 C:    177 AB:    1 BC:    1 CA:    1	 *MESH_SMOOTHING 1 	*MESH_MTLID 0
			*MESH_FACE    59:    A:    66 B:    260 C:    198 AB:    1 BC:    1 CA:    1	 *MESH_SMOOTHING 1 	*MESH_MTLID 0
			*MESH_FACE    60:    A:    201 B:    223 C:    40 AB:    1 BC:    1 CA:    1	 *MESH_SMOOTHING 1 	*MESH_MTLID 0
			*MESH_FACE    61:    A:    83 B:    73 C:    224 AB:    1 BC:    1 CA:    1	 *MESH_SMOOTHING 1 	*MESH_MTLID 0
			*MESH_FACE    62:    A:    213 B:    38 C:    36 AB:    1 BC:    1 CA:    1	 *MESH_SMOOTHING 1 	*MESH_MTLID 0
			*MESH_FACE    63:    A:    36 B:    38 C:    72 AB:    1 BC:    1 CA:    1	 *MESH_SMOOTHING 1 	*MESH_MTLID 0
			*MESH_FACE    64:    A:    42 B:    30 C:    29 AB:    1 BC:    1 CA:    1	 *MESH_SMOOTHING 1 	*MESH_MTLID 0
			*MESH_FACE    65:    A:    215 B:    227 C:    31 AB:    1 BC:    1 CA:    1	 *MESH_SMOOTHING 1 	*MESH_MTLID 0
			*MESH_FACE    66:    A:    43 B:    150 C:    68 AB:    1 BC:    1 CA:    1	 *MESH_SMOOTHING 1 	*MESH_MTLID 0
			*MESH_FACE    67:    A:    160 B:    197 C:    128 AB:    1 BC:    1 CA:    1	 *MESH_SMOOTHING 1 	*MESH_MTLID 0
