*3DSMAX_ASCIIEXPORT	110
*COMMENT "[ Kerrax ASCII Model Exporter ] - Feb 25 2013"
*SCENE {
	*SCENE_FILENAME ""
	*SCENE_FIRSTFRAME 0
	*SCENE_LASTFRAME 100
	*SCENE_FRAMESPEED 25
	*SCENE_TICKSPERFRAME 192
	*SCENE_BACKGROUND_STATIC 0	0	0
	*SCENE_AMBIENT_STATIC 0.2	0.2	0.2
}
*MATERIAL_LIST {
	*MATERIAL_COUNT 1
	*MATERIAL 0 {
		*MATERIAL_NAME "MultiMtl #0"
		*MATERIAL_CLASS "Multi/Sub-Object"
		*NUMSUBMTLS 1
		*SUBMATERIAL 0 {
			*MATERIAL_NAME "CrystalDragon"
			*MATERIAL_CLASS "Standard"
			*MATERIAL_DIFFUSE 0.35294100642204285	0.36862701177597046	0.3921569883823395
			*MAP_DIFFUSE {
				*BITMAP "CrystalDragon.tga"
			}
		}
	}
}
*HELPEROBJECT {
	*NODE_NAME "Bip01"
	*NODE_TM {
		*NODE_NAME "Bip01"
		*TM_ROW0 -0.002127632964402437	-0.30072498321533203	-0.9537085294723511
		*TM_ROW1 0.9999974370002747	0.00015120407624635845	-0.002278564963489771
		*TM_ROW2 0.0008294414146803319	-0.9537109136581421	0.3007238507270813
		*TM_ROW3 0.0	-87.4988021850586	157.97500610351562
		*TM_POS 0.0	-87.4988021850586	157.97500610351562
		*TM_ROTAXIS -0.507964015007019	-0.5096220970153809	0.6944478750228882
		*TM_ROTANGLE 1.92903605779713
		*TM_SCALE 1	1	1
		*TM_SCALEAXIS 0	0	0
		*TM_SCALEAXISANG 0	0	0
	}
}
*HELPEROBJECT {
	*NODE_NAME "Bip01 Pelvis"
	*NODE_PARENT "Bip01"
	*NODE_TM {
		*NODE_NAME "Bip01 Pelvis"
		*TM_ROW0 0.0008278186433017254	-0.953711211681366	0.30072298645973206
		*TM_ROW1 -0.002125825034454465	-0.3007241487503052	-0.9537088871002197
		*TM_ROW2 0.9999974370002747	0.0001502552186138928	-0.002276425017043948
		*TM_ROW3 0.06697599589824677	-83.56279754638672	157.281005859375
		*TM_POS 0.06697599589824677	-83.56279754638672	157.281005859375
		*TM_ROTAXIS 0.6283625960350037	-0.4606528580188751	0.6268647909164429
		*TM_ROTANGLE 2.279811083763935
		*TM_SCALE 1	1	1
		*TM_SCALEAXIS 0	0	0
		*TM_SCALEAXISANG 0	0	0
	}
}
*HELPEROBJECT {
	*NODE_NAME "Bip01 Spine"
	*NODE_PARENT "Bip01 Pelvis"
	*NODE_TM {
		*NODE_NAME "Bip01 Spine"
		*TM_ROW0 0.0002887578448280692	-0.9981818795204163	0.06027312949299812
		*TM_ROW1 -0.00226747733540833	-0.06027363985776901	-0.9981793165206909
		*TM_ROW2 0.9999973773956299	0.00015157349116634578	-0.002280769171193242
		*TM_ROW3 0.0863795205950737	-102.41999816894531	164.46099853515625
		*TM_POS 0.0863795205950737	-102.41999816894531	164.46099853515625
		*TM_ROTAXIS 0.5891327261924744	-0.554547905921936	0.5877067446708679
		*TM_ROTANGLE 2.130733312142133
		*TM_SCALE 1	1	1
		*TM_SCALEAXIS 0	0	0
		*TM_SCALEAXISANG 0	0	0
	}
}
*HELPEROBJECT {
	*NODE_NAME "Bip01 Spine1"
	*NODE_PARENT "Bip01 Spine"
	*NODE_TM {
		*NODE_NAME "Bip01 Spine1"
		*TM_ROW0 0.0016348763601854444	-0.7436638474464417	0.6685518622398376
		*TM_ROW1 -0.0015955603448674083	-0.6685539484024048	-0.7436621189117432
		*TM_ROW2 0.9999974966049194	0.00014914503844920546	-0.0022797074634581804
		*TM_ROW3 0.10102216899394989	-152.9659881591797	167.5399932861328
		*TM_POS 0.10102216899394989	-152.9659881591797	167.5399932861328
		*TM_ROTAXIS 0.675139307975769	-0.30084505677223206	0.6735572218894958
		*TM_ROTANGLE 2.558201151223873
		*TM_SCALE 1	1	1
		*TM_SCALEAXIS 0	0	0
		*TM_SCALEAXISANG 0	0	0
	}
}
*HELPEROBJECT {
	*NODE_NAME "Bip01 Spine2"
	*NODE_PARENT "Bip01 Spine1"
	*NODE_TM {
		*NODE_NAME "Bip01 Spine2"
		*TM_ROW0 0.002135871909558773	-0.415399968624115	0.9096359610557556
		*TM_ROW1 -0.0008121179416775703	-0.9096381068229675	-0.4153991937637329
		*TM_ROW2 0.9999970197677612	0.00014835687761660665	-0.0022795316763222218
		*TM_ROW3 0.1712285280227661	-184.84097290039062	196.24598693847656
		*TM_POS 0.1712285280227661	-184.84097290039062	196.24598693847656
		*TM_ROTAXIS 0.6996819972991943	-0.15214627981185913	0.6980660557746887
		*TM_ROTANGLE 2.8400908577779616
		*TM_SCALE 1	1	1
		*TM_SCALEAXIS 0	0	0
		*TM_SCALEAXISANG 0	0	0
	}
}
*HELPEROBJECT {
	*NODE_NAME "Bip01 Spine3"
	*NODE_PARENT "Bip01 Spine2"
	*NODE_TM {
		*NODE_NAME "Bip01 Spine3"
		*TM_ROW0 0.002197663765400648	0.0341213122010231	0.9994135499000549
		*TM_ROW1 0.00022833002731204033	-0.9994142651557922	0.034120891243219376
		*TM_ROW2 0.9999958276748657	0.00015326865832321346	-0.002200745977461338
		*TM_ROW3 0.2814887464046478	-206.26597595214844	243.23599243164062
		*TM_POS 0.2814887464046478	-206.26597595214844	243.23599243164062
		*TM_ROTAXIS -0.7078313827514648	-0.012133746407926083	-0.706275999546051
		*TM_ROTANGLE 3.117596202668272
		*TM_SCALE 1	1	1
		*TM_SCALEAXIS 0	0	0
		*TM_SCALEAXISANG 0	0	0
	}
}
*HELPEROBJECT {
	*NODE_NAME "Bip01 Spine4"
	*NODE_PARENT "Bip01 Spine3"
	*NODE_TM {
		*NODE_NAME "Bip01 Spine4"
		*TM_ROW0 0.0020011900924146175	0.4219137728214264	0.9066343307495117
		*TM_ROW1 0.001095753745175898	-0.9066370725631714	0.42191237211227417
		*TM_ROW2 0.9999979138374329	0.00014889560407027602	-0.00227768300101161
		*TM_ROW3 0.3800709843635559	-204.75697326660156	286.61895751953125
		*TM_POS 0.3800709843635559	-204.75697326660156	286.61895751953125
		*TM_ROTAXIS -0.6993651986122131	-0.15481483936309814	-0.697797417640686
		*TM_ROTANGLE 2.835292485221515
		*TM_SCALE 1	1	1
		*TM_SCALEAXIS 0	0	0
		*TM_SCALEAXISANG 0	0	0
	}
}
*HELPEROBJECT {
	*NODE_NAME "Bip01 Neck"
	*NODE_PARENT "Bip01 Spine4"
	*NODE_TM {
		*NODE_NAME "Bip01 Neck"
		*TM_ROW0 0.0013006710214540362	0.7821240425109863	0.6231215596199036
		*TM_ROW1 0.0018730869051069021	-0.6231229305267334	0.7821218371391296
		*TM_ROW2 0.9999974966049194	0.00014981745334807783	-0.0022755886893719435
		*TM_ROW3 0.45403343439102173	-189.11595153808594	320.1300048828125
		*TM_POS 0.45403343439102173	-189.11595153808594	320.1300048828125
		*TM_ROTAXIS -0.6699674129486084	-0.3228946924209595	-0.6684929132461548
		*TM_ROTANGLE 2.5184505737104543
		*TM_SCALE 1	1	1
		*TM_SCALEAXIS 0	0	0
		*TM_SCALEAXISANG 0	0	0
	}
}
*HELPEROBJECT {
	*NODE_NAME "Bip01 Neck1"
	*NODE_PARENT "Bip01 Neck"
	*NODE_TM {
		*NODE_NAME "Bip01 Neck1"
		*TM_ROW0 0.0017419741488993168	0.5941978693008423	0.8043172359466553
		*TM_ROW1 0.0014728843234479427	-0.8043192625045776	0.5941960215568542
		*TM_ROW2 0.9999975562095642	0.00014950243348721415	-0.0022765593603253365
		*TM_ROW3 0.5303777456283569	-143.13197326660156	356.7020263671875
		*TM_POS 0.5303777456283569	-143.13197326660156	356.7020263671875
		*TM_ROTAXIS -0.6893993020057678	-0.2270897477865219	-0.6878655552864075
		*TM_ROTANGLE 2.696165267372636
		*TM_SCALE 1	1	1
		*TM_SCALEAXIS 0	0	0
		*TM_SCALEAXISANG 0	0	0
	}
}
*HELPEROBJECT {
	*NODE_NAME "Bip01 Neck2"
	*NODE_PARENT "Bip01 Neck1"
	*NODE_TM {
		*NODE_NAME "Bip01 Neck2"
		*TM_ROW0 0.0022682445123791695	-0.11397605389356613	0.9934803247451782
		*TM_ROW1 -0.00011510022159200162	-0.9934822916984558	-0.11397608369588852
		*TM_ROW2 0.9999968409538269	0.00014410818403121084	-0.00226539745926857
		*TM_ROW3 0.6434496641159058	-104.52299499511719	408.905029296875
		*TM_POS 0.6434496641159058	-104.52299499511719	408.905029296875
		*TM_ROTAXIS 0.7073324918746948	-0.0403902605175972	0.7057256698608398
		*TM_ROTANGLE 3.0608354908016207
		*TM_SCALE 1	1	1
		*TM_SCALEAXIS 0	0	0
		*TM_SCALEAXISANG 0	0	0
	}
}
*HELPEROBJECT {
	*NODE_NAME "Bip01 Neck3"
	*NODE_PARENT "Bip01 Neck2"
	*NODE_TM {
		*NODE_NAME "Bip01 Neck3"
		*TM_ROW0 0.001489186310209334	-0.7991034388542175	0.601192057132721
		*TM_ROW1 -0.0017329711699858308	-0.6011940836906433	-0.7991015911102295
		*TM_ROW2 0.999997615814209	0.00014833487512078136	-0.0022804574109613895
		*TM_ROW3 0.7810467481613159	-111.37200927734375	468.8580627441406
		*TM_POS 0.7810467481613159	-111.37200927734375	468.8580627441406
		*TM_ROTAXIS 0.6675159931182861	-0.3330736458301544	0.665946364402771
		*TM_ROTANGLE 2.499747120635078
		*TM_SCALE 1	1	1
		*TM_SCALEAXIS 0	0	0
		*TM_SCALEAXISANG 0	0	0
	}
}
*HELPEROBJECT {
	*NODE_NAME "Bip01 Neck4"
	*NODE_PARENT "Bip01 Neck3"
	*NODE_TM {
		*NODE_NAME "Bip01 Neck4"
		*TM_ROW0 -0.00015006985631771386	-0.9913431406021118	-0.13129617273807526
		*TM_ROW1 -0.0022793873213231564	0.13129620254039764	-0.9913405179977417
		*TM_ROW2 0.9999973773956299	0.00015048327622935176	-0.0022793400567024946
		*TM_ROW3 0.8603047728538513	-153.83702087402344	500.84295654296875
		*TM_POS 0.8603047728538513	-153.83702087402344	500.84295654296875
		*TM_ROTAXIS 0.5507326126098633	-0.6283871531486511	0.549384355545044
		*TM_ROTANGLE 2.021464006540403
		*TM_SCALE 1	1	1
		*TM_SCALEAXIS 0	0	0
		*TM_SCALEAXISANG 0	0	0
	}
}
*HELPEROBJECT {
	*NODE_NAME "Bip01 Head"
	*NODE_PARENT "Bip01 Neck4"
	*NODE_TM {
		*NODE_NAME "Bip01 Head"
		*TM_ROW0 -0.0011823519598692656	-0.8191640377044678	-0.5735580325126648
		*TM_ROW1 -0.0019560412038117647	0.5735592842102051	-0.8191617131233215
		*TM_ROW2 0.9999973177909851	0.00015332677867263556	-0.0022804473992437124
		*TM_ROW3 0.8525119423866272	-205.2980194091797	494.0280456542969
		*TM_POS 0.8525119423866272	-205.2980194091797	494.0280456542969
		*TM_ROTAXIS 0.4194626212120056	-0.8056090474128723	0.4183838665485382
		*TM_ROTANGLE 1.7874388711605314
		*TM_SCALE 1	1	1
		*TM_SCALEAXIS 0	0	0
		*TM_SCALEAXISANG 0	0	0
	}
}
*HELPEROBJECT {
	*NODE_NAME "Bip01 Headnub"
	*NODE_PARENT "Bip01 Head"
	*NODE_TM {
		*NODE_NAME "Bip01 Headnub"
		*TM_ROW0 -0.0011823518434539437	-0.8191640377044678	-0.5735580325126648
		*TM_ROW1 -0.0019560290966182947	0.5735592842102051	-0.8191617131233215
		*TM_ROW2 0.9999973177909851	0.0001533198228571564	-0.0022804373875260353
		*TM_ROW3 0.7230597734451294	-294.9120178222656	431.28204345703125
		*TM_POS 0.7230597734451294	-294.9120178222656	431.28204345703125
		*TM_ROTAXIS 0.4194625914096832	-0.8056090474128723	0.4183838665485382
		*TM_ROTANGLE 1.7874388660348568
		*TM_SCALE 1	1	1
		*TM_SCALEAXIS 0	0	0
		*TM_SCALEAXISANG 0	0	0
	}
}
*HELPEROBJECT {
	*NODE_NAME "Bip01 Jaw01"
	*NODE_PARENT "Bip01 Head"
	*NODE_TM {
		*NODE_NAME "Bip01 Jaw01"
		*TM_ROW0 0.9999986886978149	-0.0005574775859713554	-0.0015115831047296524
		*TM_ROW1 0.0010194849455729127	-0.5075371861457825	0.8616292476654053
		*TM_ROW2 -0.0012475235853344202	-0.8616296648979187	-0.507535994052887
		*TM_ROW3 0.7903332114219666	-212.3060302734375	478.9830322265625
		*TM_POS 0.7903332114219666	-212.3060302734375	478.9830322265625
		*TM_ROTAXIS -0.9999995827674866	-0.00015323255502153188	0.0009151044068858027
		*TM_ROTANGLE 2.103120400407069
		*TM_SCALE 1	1	1
		*TM_SCALEAXIS 0	0	0
		*TM_SCALEAXISANG 0	0	0
	}
}
*HELPEROBJECT {
	*NODE_NAME "Bip01 Jaw02"
	*NODE_PARENT "Bip01 Jaw01"
	*NODE_TM {
		*NODE_NAME "Bip01 Jaw02"
		*TM_ROW0 0.9999986886978149	-0.0005550137138925493	-0.001507616019807756
		*TM_ROW1 0.0015935482224449515	0.46174943447113037	0.8870089650154114
		*TM_ROW2 0.00020383867376949638	-0.8870102167129517	0.46174970269203186
		*TM_ROW3 0.7446998953819275	-197.93399047851562	440.301025390625
		*TM_POS 0.7446998953819275	-197.93399047851562	440.301025390625
		*TM_ROTAXIS -0.9999988079071045	-0.0009647317347116768	0.0012111251708120108
		*TM_ROTANGLE 1.090830413597379
		*TM_SCALE 1	1	1
		*TM_SCALEAXIS 0	0	0
		*TM_SCALEAXISANG 0	0	0
	}
}
*HELPEROBJECT {
	*NODE_NAME "ZS_RIGHTHAND"
	*NODE_PARENT "Bip01 Head"
	*NODE_TM {
		*NODE_NAME "ZS_RIGHTHAND"
		*TM_ROW0 0.9981719851493835	0.04130157455801964	0.04412375018000603
		*TM_ROW1 -0.050951629877090454	0.9677249789237976	0.2468041330575943
		*TM_ROW2 -0.03250625729560852	-0.24860113859176636	0.968060314655304
		*TM_ROW3 1.783869981765747	-242.7479248046875	442.68890380859375
		*TM_POS 1.783869981765747	-242.7479248046875	442.68890380859375
		*TM_ROTAXIS -0.9719266295433044	0.1503390222787857	-0.18098989129066467
		*TM_ROTANGLE 0.2577001663087437
		*TM_SCALE 1	1	1
		*TM_SCALEAXIS 0	0	0
		*TM_SCALEAXISANG 0	0	0
	}
}
*HELPEROBJECT {
	*NODE_NAME "Bip01 L Clavicle"
	*NODE_PARENT "Bip01 Neck"
	*NODE_TM {
		*NODE_NAME "Bip01 L Clavicle"
		*TM_ROW0 0.9668558835983276	-0.06710139662027359	-0.246347576379776
		*TM_ROW1 -0.0447179451584816	0.9054303169250488	-0.4221329987049103
		*TM_ROW2 0.25137627124786377	0.4191579222679138	0.8724199533462524
		*TM_ROW3 12.400008201599121	-201.74000549316406	317.2729797363281
		*TM_POS 12.400008201599121	-201.74000549316406	317.2729797363281
		*TM_ROTAXIS 0.8604331016540527	-0.5090487599372864	0.022892752662301064
		*TM_ROTANGLE 0.5108013154128386
		*TM_SCALE 1	1	1
		*TM_SCALEAXIS 0	0	0
		*TM_SCALEAXISANG 0	0	0
	}
}
*HELPEROBJECT {
	*NODE_NAME "Bip01 L UpperArm"
	*NODE_PARENT "Bip01 L Clavicle"
	*NODE_TM {
		*NODE_NAME "Bip01 L UpperArm"
		*TM_ROW0 0.7865651249885559	0.09285660833120346	-0.610485851764679
		*TM_ROW1 -0.1518775224685669	0.9873512983322144	-0.04550385847687721
		*TM_ROW2 0.5985386967658997	0.12851083278656006	0.7907189130783081
		*TM_ROW3 55.345481872558594	-204.7209930419922	306.3310241699219
		*TM_POS 55.345481872558594	-204.7209930419922	306.3310241699219
		*TM_ROTAXIS 0.13968564569950104	-0.9705122113227844	-0.1964537799358368
		*TM_ROTANGLE 0.6724182431395576
		*TM_SCALE 1	1	1
		*TM_SCALEAXIS 0	0	0
		*TM_SCALEAXISANG 0	0	0
	}
}
*HELPEROBJECT {
	*NODE_NAME "Bip01 L Forearm"
	*NODE_PARENT "Bip01 L UpperArm"
	*NODE_TM {
		*NODE_NAME "Bip01 L Forearm"
		*TM_ROW0 0.3784956932067871	-0.9152960777282715	-0.13774654269218445
		*TM_ROW1 0.7060398459434509	0.381730318069458	-0.5964810848236084
		*TM_ROW2 0.5985388159751892	0.128510981798172	0.7907187938690186
		*TM_ROW3 94.62936401367188	-200.08297729492188	275.8410339355469
		*TM_POS 94.62936401367188	-200.08297729492188	275.8410339355469
		*TM_ROTAXIS 0.3770858645439148	-0.38295978307724	0.8432959318161011
		*TM_ROTANGLE 1.2917152350248493
		*TM_SCALE 1	1	1
		*TM_SCALEAXIS 0	0	0
		*TM_SCALEAXISANG 0	0	0
	}
}
*HELPEROBJECT {
	*NODE_NAME "Bip01 L Hand"
	*NODE_PARENT "Bip01 L Forearm"
	*NODE_TM {
		*NODE_NAME "Bip01 L Hand"
		*TM_ROW0 0.7215028405189514	-0.6729549169540405	0.1629887819290161
		*TM_ROW1 -0.30577385425567627	-0.5208643078804016	-0.7969962358474731
		*TM_ROW2 0.6212375164031982	0.5251973271369934	-0.5815771222114563
		*TM_ROW3 112.64786529541016	-243.65597534179688	269.28302001953125
		*TM_POS 112.64786529541016	-243.65597534179688	269.28302001953125
		*TM_ROTAXIS 0.9139226675033569	-0.31674930453300476	0.2538018226623535
		*TM_ROTANGLE 2.3329337395848913
		*TM_SCALE 1	1	1
		*TM_SCALEAXIS 0	0	0
		*TM_SCALEAXISANG 0	0	0
	}
}
*HELPEROBJECT {
	*NODE_NAME "Bip01 L Finger0"
	*NODE_PARENT "Bip01 L Hand"
	*NODE_TM {
		*NODE_NAME "Bip01 L Finger0"
		*TM_ROW0 -0.7804960608482361	-0.22843708097934723	-0.581929624080658
		*TM_ROW1 0.5423685312271118	-0.7103578448295593	-0.4485842287540436
		*TM_ROW2 -0.3109050989151001	-0.6657386422157288	0.6783288717269897
		*TM_ROW3 108.05686950683594	-247.6829833984375	273.5050048828125
		*TM_POS 108.05686950683594	-247.6829833984375	273.5050048828125
		*TM_ROTAXIS -0.2568567991256714	-0.320576012134552	0.9117321372032166
		*TM_ROTANGLE 2.705153652887238
		*TM_SCALE 1	1	1
		*TM_SCALEAXIS 0	0	0
		*TM_SCALEAXISANG 0	0	0
	}
}
*HELPEROBJECT {
	*NODE_NAME "Bip01 L Finger0Nub"
	*NODE_PARENT "Bip01 L Finger0"
	*NODE_TM {
		*NODE_NAME "Bip01 L Finger0Nub"
		*TM_ROW0 -0.7804961204528809	-0.22843709588050842	-0.581929624080658
		*TM_ROW1 0.5423685312271118	-0.7103578448295593	-0.44858428835868835
		*TM_ROW2 -0.31090500950813293	-0.6657387018203735	0.6783288717269897
		*TM_ROW3 89.2991714477539	-253.17396545410156	259.51904296875
		*TM_POS 89.2991714477539	-253.17396545410156	259.51904296875
		*TM_ROTAXIS -0.256856769323349	-0.3205760419368744	0.9117321372032166
		*TM_ROTANGLE 2.705153652887238
		*TM_SCALE 1	1	1
		*TM_SCALEAXIS 0	0	0
		*TM_SCALEAXISANG 0	0	0
	}
}
*HELPEROBJECT {
	*NODE_NAME "Bip01 L Finger1"
	*NODE_PARENT "Bip01 L Hand"
	*NODE_TM {
		*NODE_NAME "Bip01 L Finger1"
		*TM_ROW0 0.5725122094154358	-0.8198936581611633	0.0021005410235375166
		*TM_ROW1 -0.4644072651863098	-0.3263941705226898	-0.8232821226119995
		*TM_ROW2 0.6756892204284668	0.47036364674568176	-0.5676292777061462
		*TM_ROW3 129.23385620117188	-267.80194091796875	278.216064453125
		*TM_POS 129.23385620117188	-267.80194091796875	278.216064453125
		*TM_ROTAXIS 0.8617393374443054	-0.4486992061138153	0.23680098354816437
		*TM_ROTANGLE 2.2926206072039355
		*TM_SCALE 1	1	1
		*TM_SCALEAXIS 0	0	0
		*TM_SCALEAXISANG 0	0	0
	}
}
*HELPEROBJECT {
	*NODE_NAME "Bip01 L Finger2"
	*NODE_PARENT "Bip01 L Hand"
	*NODE_TM {
		*NODE_NAME "Bip01 L Finger2"
		*TM_ROW0 0.2999456226825714	-0.8453575372695923	-0.4420444667339325
		*TM_ROW1 -0.7241541743278503	0.09987486898899078	-0.6823678016662598
		*TM_ROW2 0.6209939122200012	0.5247815847396851	-0.5822121500968933
		*TM_ROW3 133.89486694335938	-263.7849426269531	273.7980041503906
		*TM_POS 133.89486694335938	-263.7849426269531	273.7980041503906
		*TM_ROTAXIS 0.7483616471290588	-0.659021258354187	0.07513896375894547
		*TM_ROTANGLE 2.2033369387201414
		*TM_SCALE 1	1	1
		*TM_SCALEAXIS 0	0	0
		*TM_SCALEAXISANG 0	0	0
	}
}
*HELPEROBJECT {
	*NODE_NAME "Bip01 L Finger3"
	*NODE_PARENT "Bip01 L Hand"
	*NODE_TM {
		*NODE_NAME "Bip01 L Finger3"
		*TM_ROW0 -0.16118282079696655	-0.6273074746131897	-0.761909008026123
		*TM_ROW1 -0.8109533190727234	0.5241668224334717	-0.26000744104385376
		*TM_ROW2 0.5624720454216003	0.5759639143943787	-0.5932037830352783
		*TM_ROW3 138.49085998535156	-259.8289794921875	269.44500732421875
		*TM_POS 138.49085998535156	-259.8289794921875	269.44500732421875
		*TM_ROTAXIS 0.5301417112350464	-0.8398728966712952	-0.11646129935979843
		*TM_ROTANGLE 2.2333216874980573
		*TM_SCALE 1	1	1
		*TM_SCALEAXIS 0	0	0
		*TM_SCALEAXISANG 0	0	0
	}
}
*HELPEROBJECT {
	*NODE_NAME "Bip01 R Clavicle"
	*NODE_PARENT "Bip01 Neck"
	*NODE_TM {
		*NODE_NAME "Bip01 R Clavicle"
		*TM_ROW0 -0.9680376052856445	-0.033091701567173004	-0.24860243499279022
		*TM_ROW1 0.07736221700906754	0.903517484664917	-0.4215104281902313
		*TM_ROW2 0.238565132021904	-0.42727145552635193	-0.8720785975456238
		*TM_ROW3 -11.506187438964844	-201.708984375	317.4590148925781
		*TM_POS -11.506187438964844	-201.708984375	317.4590148925781
		*TM_ROTAXIS -0.011532064527273178	-0.9751823544502258	0.22109991312026978
		*TM_ROTANGLE 2.889136703545637
		*TM_SCALE 1	1	1
		*TM_SCALEAXIS 0	0	0
		*TM_SCALEAXISANG 0	0	0
	}
}
*HELPEROBJECT {
	*NODE_NAME "Bip01 R UpperArm"
	*NODE_PARENT "Bip01 R Clavicle"
	*NODE_TM {
		*NODE_NAME "Bip01 R UpperArm"
		*TM_ROW0 -0.7892892956733704	0.0871683731675148	-0.6078029274940491
		*TM_ROW1 0.15118816494941711	0.9869858026504517	-0.054782934486866
		*TM_ROW2 0.5951175093650818	-0.13513217866420746	-0.7921961545944214
		*TM_ROW3 -54.50420379638672	-203.17799377441406	306.4169921875
		*TM_POS -54.50420379638672	-203.17799377441406	306.4169921875
		*TM_ROTAXIS -0.06655286997556686	-0.9963728785514832	0.05302726477384567
		*TM_ROTANGLE 2.4935215156853516
		*TM_SCALE 1	1	1
		*TM_SCALEAXIS 0	0	0
		*TM_SCALEAXISANG 0	0	0
	}
}
*HELPEROBJECT {
	*NODE_NAME "Bip01 R Forearm"
	*NODE_PARENT "Bip01 R UpperArm"
	*NODE_TM {
		*NODE_NAME "Bip01 R Forearm"
		*TM_ROW0 -0.38481611013412476	-0.9133182764053345	-0.1332908421754837
		*TM_ROW1 -0.7055157423019409	0.3841734826564789	-0.5955320000648499
		*TM_ROW2 0.5951170325279236	-0.13513147830963135	-0.7921965718269348
		*TM_ROW3 -94.30330657958984	-198.7830352783203	275.76898193359375
		*TM_POS -94.30330657958984	-198.7830352783203	275.76898193359375
		*TM_ROTAXIS 0.5193971395492554	-0.8217474818229675	0.23443077504634857
		*TM_ROTANGLE 2.6824199548401677
		*TM_SCALE 1	1	1
		*TM_SCALEAXIS 0	0	0
		*TM_SCALEAXISANG 0	0	0
	}
}
*HELPEROBJECT {
	*NODE_NAME "Bip01 R Hand"
	*NODE_PARENT "Bip01 R Forearm"
	*NODE_TM {
		*NODE_NAME "Bip01 R Hand"
		*TM_ROW0 -0.7349205017089844	-0.6591190695762634	0.1595427542924881
		*TM_ROW1 0.2940042018890381	-0.5216739177703857	-0.8008856773376465
		*TM_ROW2 0.6111083030700684	-0.5416810512542725	0.5771726369857788
		*TM_ROW3 -112.6220932006836	-242.26202392578125	269.42401123046875
		*TM_POS -112.6220932006836	-242.26202392578125	269.42401123046875
		*TM_ROTAXIS 0.238663449883461	-0.4157803952693939	0.8775912523269653
		*TM_ROTANGLE 2.567546960944066
		*TM_SCALE 1	1	1
		*TM_SCALEAXIS 0	0	0
		*TM_SCALEAXISANG 0	0	0
	}
}
*HELPEROBJECT {
	*NODE_NAME "Bip01 R Finger0"
	*NODE_PARENT "Bip01 R Hand"
	*NODE_TM {
		*NODE_NAME "Bip01 R Finger0"
		*TM_ROW0 0.3653091490268707	-0.07730067521333694	-0.9276714324951172
		*TM_ROW1 -0.5972399115562439	-0.7838684320449829	-0.16987034678459167
		*TM_ROW2 -0.7140406966209412	0.6160974502563477	-0.3325217366218567
		*TM_ROW3 -108.10008239746094	-246.6360321044922	272.947998046875
		*TM_POS -108.10008239746094	-246.6360321044922	272.947998046875
		*TM_ROTAXIS 0.813385546207428	-0.22108300030231476	-0.5380768179893494
		*TM_ROTANGLE 2.637348368983145
		*TM_SCALE 1	1	1
		*TM_SCALEAXIS 0	0	0
		*TM_SCALEAXISANG 0	0	0
	}
}
*HELPEROBJECT {
	*NODE_NAME "Bip01 R Finger0Nub"
	*NODE_PARENT "Bip01 R Finger0"
	*NODE_TM {
		*NODE_NAME "Bip01 R Finger0Nub"
		*TM_ROW0 -0.36530908942222595	0.07730050384998322	0.9276711344718933
		*TM_ROW1 0.5972393155097961	0.7838681936264038	0.16987009346485138
		*TM_ROW2 -0.7140408158302307	0.6160967946052551	-0.3325210511684418
		*TM_ROW3 -99.3205795288086	-248.49404907226562	250.6529998779297
		*TM_POS -99.3205795288086	-248.49404907226562	250.6529998779297
		*TM_ROTAXIS 0.25083673000335693	0.9228529930114746	0.2922724187374115
		*TM_ROTANGLE 2.045394526068916
		*TM_SCALE 1	1	1
		*TM_SCALEAXIS 0	0	0
		*TM_SCALEAXISANG 0	0	0
	}
}
*HELPEROBJECT {
	*NODE_NAME "Bip01 R Finger1"
	*NODE_PARENT "Bip01 R Hand"
	*NODE_TM {
		*NODE_NAME "Bip01 R Finger1"
		*TM_ROW0 -0.589182436466217	-0.8079961538314819	-0.0025365971960127354
		*TM_ROW1 0.45655375719070435	-0.3303208649158478	-0.8261034488677979
		*TM_ROW2 0.6666504740715027	-0.48788368701934814	0.5635128021240234
		*TM_ROW3 -129.69908142089844	-266.1170349121094	278.22100830078125
		*TM_POS -129.69908142089844	-266.1170349121094	278.22100830078125
		*TM_ROTAXIS 0.23006069660186768	-0.45518821477890015	0.8601603507995605
		*TM_ROTANGLE 2.3158281023161393
		*TM_SCALE 1	1	1
		*TM_SCALEAXIS 0	0	0
		*TM_SCALEAXISANG 0	0	0
	}
}
*HELPEROBJECT {
	*NODE_NAME "Bip01 R Finger2"
	*NODE_PARENT "Bip01 R Hand"
	*NODE_TM {
		*NODE_NAME "Bip01 R Finger2"
		*TM_ROW0 -0.4388653337955475	-0.8389208912849426	-0.321883887052536
		*TM_ROW1 0.658961832523346	-0.056950561702251434	-0.7500174045562744
		*TM_ROW2 0.6108737587928772	-0.5412657260894775	0.5778102874755859
		*TM_ROW3 -134.27508544921875	-261.9860534667969	273.83697509765625
		*TM_POS -134.27508544921875	-261.9860534667969	273.83697509765625
		*TM_ROTAXIS 0.11748280376195908	-0.5249442458152771	0.8429895639419556
		*TM_ROTANGLE 2.0476685817063487
		*TM_SCALE 1	1	1
		*TM_SCALEAXIS 0	0	0
		*TM_SCALEAXISANG 0	0	0
	}
}
*HELPEROBJECT {
	*NODE_NAME "Bip01 R Finger3"
	*NODE_PARENT "Bip01 R Hand"
	*NODE_TM {
		*NODE_NAME "Bip01 R Finger3"
		*TM_ROW0 -0.2135382890701294	-0.7819653153419495	-0.5856035947799683
		*TM_ROW1 0.8064976334571838	0.19718247652053833	-0.5573872923851013
		*TM_ROW2 0.5513283014297485	-0.591311514377594	0.5885472297668457
		*TM_ROW3 -138.799072265625	-257.9049987792969	269.5059814453125
		*TM_POS -138.799072265625	-257.9049987792969	269.5059814453125
		*TM_ROTAXIS -0.017364008352160454	-0.5819350481033325	0.813049852848053
		*TM_ROTANGLE 1.7863664292530326
		*TM_SCALE 1	1	1
		*TM_SCALEAXIS 0	0	0
		*TM_SCALEAXISANG 0	0	0
	}
}
*HELPEROBJECT {
	*NODE_NAME "Bip01 Bone15"
	*NODE_PARENT "Bip01 Spine3"
	*NODE_TM {
		*NODE_NAME "Bip01 Bone15"
		*TM_ROW0 -0.5687013864517212	0.12490366399288177	0.8130027055740356
		*TM_ROW1 0.4584279954433441	-0.772529125213623	0.4393603801727295
		*TM_ROW2 0.6829480528831482	0.6225695610046387	0.38208287954330444
		*TM_ROW3 -28.48786735534668	-176.85496520996094	279.24395751953125
		*TM_POS -28.48786735534668	-176.85496520996094	279.24395751953125
		*TM_ROTAXIS 0.4555828273296356	0.32340437173843384	0.8293687105178833
		*TM_ROTANGLE 2.9391413150243
		*TM_SCALE 1	1	1
		*TM_SCALEAXIS 0	0	0
		*TM_SCALEAXISANG 0	0	0
	}
}
*HELPEROBJECT {
	*NODE_NAME "Bip01 Bone16"
	*NODE_PARENT "Bip01 Bone15"
	*NODE_TM {
		*NODE_NAME "Bip01 Bone16"
		*TM_ROW0 -0.11899804323911667	-0.4212578535079956	0.8991003632545471
		*TM_ROW1 0.7207093834877014	-0.6595057845115662	-0.2136124223470688
		*TM_ROW2 0.6829476952552795	0.6225705742835999	0.38208428025245667
		*TM_ROW3 -120.00713348388672	-156.75498962402344	410.07598876953125
		*TM_POS -120.00713348388672	-156.75498962402344	410.07598876953125
		*TM_ROTAXIS 0.5840137004852295	0.150967076420784	0.7975819706916809
		*TM_ROTANGLE 2.34368992085066
		*TM_SCALE 1	1	1
		*TM_SCALEAXIS 0	0	0
		*TM_SCALEAXISANG 0	0	0
	}
}
*HELPEROBJECT {
	*NODE_NAME "Bip01 Bone17"
	*NODE_PARENT "Bip01 Bone16"
	*NODE_TM {
		*NODE_NAME "Bip01 Bone17"
		*TM_ROW0 -0.8756871819496155	-0.014429524540901184	0.4826575517654419
		*TM_ROW1 0.33763566613197327	-0.7328798174858093	0.5906643271446228
		*TM_ROW2 0.34520816802978516	0.6802014112472534	0.6466500759124756
		*TM_ROW3 -140.59817504882812	-229.6510009765625	565.6590576171875
		*TM_POS -140.59817504882812	-229.6510009765625	565.6590576171875
		*TM_ROTAXIS 0.23052440583705902	0.35388055443763733	0.9064356684684753
		*TM_ROTANGLE 2.946147659173833
		*TM_SCALE 1	1	1
		*TM_SCALEAXIS 0	0	0
		*TM_SCALEAXISANG 0	0	0
	}
}
*HELPEROBJECT {
	*NODE_NAME "Bip01 Bone18"
	*NODE_PARENT "Bip01 Bone17"
	*NODE_TM {
		*NODE_NAME "Bip01 Bone18"
		*TM_ROW0 -0.9123663902282715	0.08170221000909805	0.4011320471763611
		*TM_ROW1 0.2200138419866562	-0.7284638285636902	0.6487907767295837
		*TM_ROW2 0.3452188968658447	0.6801913380622864	0.6466549634933472
		*TM_ROW3 -312.51617431640625	-232.48391723632812	660.4159545898438
		*TM_POS -312.51617431640625	-232.48391723632812	660.4159545898438
		*TM_ROTAXIS 0.20596684515476227	0.3667527437210083	0.907231330871582
		*TM_ROTANGLE 3.0652913122906247
		*TM_SCALE 1	1	1
		*TM_SCALEAXIS 0	0	0
		*TM_SCALEAXISANG 0	0	0
	}
}
*HELPEROBJECT {
	*NODE_NAME "Bip01 Bone19"
	*NODE_PARENT "Bip01 Bone18"
	*NODE_TM {
		*NODE_NAME "Bip01 Bone19"
		*TM_ROW0 -0.934877336025238	0.18866696953773499	0.30065247416496277
		*TM_ROW1 0.0824882760643959	-0.708353579044342	0.701010525226593
		*TM_ROW2 0.3452286422252655	0.6801652908325195	0.6466755270957947
		*TM_ROW3 -432.0342102050781	-221.78085327148438	712.9609375
		*TM_POS -432.0342102050781	-221.78085327148438	712.9609375
		*TM_ROTAXIS -0.17812174558639526	-0.3809020519256592	-0.9072936773300171
		*TM_ROTANGLE 3.0830452514067925
		*TM_SCALE 1	1	1
		*TM_SCALEAXIS 0	0	0
		*TM_SCALEAXISANG 0	0	0
	}
}
*HELPEROBJECT {
	*NODE_NAME "Bip01 Bone21"
	*NODE_PARENT "Bip01 Bone16"
	*NODE_TM {
		*NODE_NAME "Bip01 Bone21"
		*TM_ROW0 -0.5229139924049377	0.7819103002548218	-0.33937689661979675
		*TM_ROW1 -0.5100415349006653	0.03197968006134033	0.8595548868179321
		*TM_ROW2 0.6829480528831482	0.6225698590278625	0.3820844292640686
		*TM_ROW3 -140.59817504882812	-229.6510009765625	565.6590576171875
		*TM_POS -140.59817504882812	-229.6510009765625	565.6590576171875
		*TM_ROTAXIS -0.14237891137599945	-0.6142055988311768	-0.7761955261230469
		*TM_ROTANGLE 2.1584685603201526
		*TM_SCALE 1	1	1
		*TM_SCALEAXIS 0	0	0
		*TM_SCALEAXISANG 0	0	0
	}
}
*HELPEROBJECT {
	*NODE_NAME "Bip01 Bone22"
	*NODE_PARENT "Bip01 Bone21"
	*NODE_TM {
		*NODE_NAME "Bip01 Bone22"
		*TM_ROW0 -0.3846242427825928	0.751171350479126	-0.5364749431610107
		*TM_ROW1 -0.6210038065910339	0.2194259911775589	0.7524667978286743
		*TM_ROW2 0.682948112487793	0.6225701570510864	0.382083922624588
		*TM_ROW3 -215.32907104492188	-117.90695190429688	517.1581420898438
		*TM_POS -215.32907104492188	-117.90695190429688	517.1581420898438
		*TM_ROTAXIS -0.07058423012495041	-0.6626192331314087	-0.7456228137016296
		*TM_ROTANGLE 1.9731198831845798
		*TM_SCALE 1	1	1
		*TM_SCALEAXIS 0	0	0
		*TM_SCALEAXISANG 0	0	0
	}
}
*HELPEROBJECT {
	*NODE_NAME "Bip01 Bone23"
	*NODE_PARENT "Bip01 Bone22"
	*NODE_TM {
		*NODE_NAME "Bip01 Bone23"
		*TM_ROW0 -0.2339475154876709	0.6819366812705994	-0.6929867267608643
		*TM_ROW1 -0.691990077495575	0.3838863968849182	0.611376166343689
		*TM_ROW2 0.6829479932785034	0.6225700378417969	0.38208428025245667
		*TM_ROW3 -250.00704956054688	-50.18045425415039	468.7890930175781
		*TM_POS -250.00704956054688	-50.18045425415039	468.7890930175781
		*TM_ROTAXIS 0.00575674744322896	-0.7076111435890198	-0.7065784931182861
		*TM_ROTANGLE 1.8069745428936417
		*TM_SCALE 1	1	1
		*TM_SCALEAXIS 0	0	0
		*TM_SCALEAXISANG 0	0	0
	}
}
*HELPEROBJECT {
	*NODE_NAME "Bip01 Bone25"
	*NODE_PARENT "Bip01 Bone16"
	*NODE_TM {
		*NODE_NAME "Bip01 Bone25"
		*TM_ROW0 -0.7283567786216736	0.6201019883155823	0.2914917469024658
		*TM_ROW1 -0.0554584339261055	-0.4773681163787842	0.8769503831863403
		*TM_ROW2 0.6829482316970825	0.6225681304931641	0.38208603858947754
		*TM_ROW3 -140.59817504882812	-229.6510009765625	565.6590576171875
		*TM_POS -140.59817504882812	-229.6510009765625	565.6590576171875
		*TM_ROTAXIS -0.30977776646614075	-0.4767020046710968	-0.8226737976074219
		*TM_ROTANGLE 2.7184935273527735
		*TM_SCALE 1	1	1
		*TM_SCALEAXIS 0	0	0
		*TM_SCALEAXISANG 0	0	0
	}
}
*HELPEROBJECT {
	*NODE_NAME "Bip01 Bone26"
	*NODE_PARENT "Bip01 Bone25"
	*NODE_TM {
		*NODE_NAME "Bip01 Bone26"
		*TM_ROW0 -0.7114911079406738	0.6853971481323242	0.15494875609874725
		*TM_ROW1 -0.1654137820005417	-0.37767186760902405	0.9110437035560608
		*TM_ROW2 0.682947039604187	0.622569739818573	0.38208577036857605
		*TM_ROW3 -272.8071594238281	-117.0929183959961	618.5689697265625
		*TM_POS -272.8071594238281	-117.0929183959961	618.5689697265625
		*TM_ROTAXIS -0.2768316864967346	-0.5066893100738525	-0.8164738416671753
		*TM_ROTANGLE 2.5935381409905496
		*TM_SCALE 1	1	1
		*TM_SCALEAXIS 0	0	0
		*TM_SCALEAXISANG 0	0	0
	}
}
*HELPEROBJECT {
	*NODE_NAME "Bip01 Bone27"
	*NODE_PARENT "Bip01 Bone26"
	*NODE_TM {
		*NODE_NAME "Bip01 Bone27"
		*TM_ROW0 -0.6827106475830078	0.7300398349761963	0.030765272676944733
		*TM_ROW1 -0.2597845196723938	-0.2818650007247925	0.9236140847206116
		*TM_ROW2 0.6829470992088318	0.6225695013999939	0.3820863366127014
		*TM_ROW3 -358.93310546875	-34.1245002746582	637.323974609375
		*TM_POS -358.93310546875	-34.1245002746582	637.323974609375
		*TM_ROTAXIS -0.24615314602851868	-0.5332651734352112	-0.809343159198761
		*TM_ROTANGLE 2.4836395053402365
		*TM_SCALE 1	1	1
		*TM_SCALEAXIS 0	0	0
		*TM_SCALEAXISANG 0	0	0
	}
}
*HELPEROBJECT {
	*NODE_NAME "Bip01 Bone01"
	*NODE_PARENT "Bip01 Spine3"
	*NODE_TM {
		*NODE_NAME "Bip01 Bone01"
		*TM_ROW0 0.5551233291625977	0.10683686286211014	0.8248781561851501
		*TM_ROW1 0.4700508415699005	0.7778781056404114	-0.4170824885368347
		*TM_ROW2 -0.6862144470214844	0.619266927242279	0.3815995156764984
		*TM_ROW3 29.97443962097168	-176.69097900390625	277.8220520019531
		*TM_POS 29.97443962097168	-176.69097900390625	277.8220520019531
		*TM_ROTAXIS 0.5547971129417419	0.8089452385902405	0.19444222748279572
		*TM_ROTANGLE 1.2054203408833786
		*TM_SCALE 1	1	1
		*TM_SCALEAXIS 0	0	0
		*TM_SCALEAXISANG 0	0	0
	}
}
*HELPEROBJECT {
	*NODE_NAME "Bip01 Bone02"
	*NODE_PARENT "Bip01 Bone01"
	*NODE_TM {
		*NODE_NAME "Bip01 Bone02"
		*TM_ROW0 0.1273912787437439	-0.4141849875450134	0.9012337327003479
		*TM_ROW1 0.7161580920219421	0.6670511364936829	0.20532995462417603
		*TM_ROW2 -0.6862135529518127	0.6192685961723328	0.38159844279289246
		*TM_ROW3 119.1229019165039	-159.53297424316406	410.2911376953125
		*TM_POS 119.1229019165039	-159.53297424316406	410.2911376953125
		*TM_ROTAXIS 0.2077757567167282	0.796816349029541	0.5673736929893494
		*TM_ROTANGLE 1.4826618828383327
		*TM_SCALE 1	1	1
		*TM_SCALEAXIS 0	0	0
		*TM_SCALEAXISANG 0	0	0
	}
}
*HELPEROBJECT {
	*NODE_NAME "Bip01 Bone03"
	*NODE_PARENT "Bip01 Bone02"
	*NODE_TM {
		*NODE_NAME "Bip01 Bone03"
		*TM_ROW0 0.8735885620117188	-0.014181645587086678	0.48645853996276855
		*TM_ROW1 0.33836185932159424	0.7361463308334351	-0.5861738920211792
		*TM_ROW2 -0.3497917652130127	0.6766738295555115	0.6478875279426575
		*TM_ROW3 140.54676818847656	-229.1890106201172	561.855224609375
		*TM_POS 140.54676818847656	-229.1890106201172	561.855224609375
		*TM_ROTAXIS 0.8120601773262024	0.537741482257843	0.22669917345046997
		*TM_ROTANGLE 0.8907728461263632
		*TM_SCALE 1	1	1
		*TM_SCALEAXIS 0	0	0
		*TM_SCALEAXISANG 0	0	0
	}
}
*HELPEROBJECT {
	*NODE_NAME "Bip01 Bone04"
	*NODE_PARENT "Bip01 Bone03"
	*NODE_TM {
		*NODE_NAME "Bip01 Bone04"
		*TM_ROW0 0.9103514552116394	0.0822630524635315	0.40557733178138733
		*TM_ROW1 0.22114653885364532	0.7316725850105286	-0.6447862982749939
		*TM_ROW2 -0.34979191422462463	0.6766741871833801	0.6478870511054993
		*TM_ROW3 312.898681640625	-231.98703002929688	657.8304443359375
		*TM_POS 312.898681640625	-231.98703002929688	657.8304443359375
		*TM_ROTAXIS 0.8645811080932617	0.4942092299461365	0.09086615592241287
		*TM_ROTANGLE 0.8698312143376924
		*TM_SCALE 1	1	1
		*TM_SCALEAXIS 0	0	0
		*TM_SCALEAXISANG 0	0	0
	}
}
*HELPEROBJECT {
	*NODE_NAME "Bip01 Bone05"
	*NODE_PARENT "Bip01 Bone04"
	*NODE_TM {
		*NODE_NAME "Bip01 Bone05"
		*TM_ROW0 0.9352779388427734	0.21248096227645874	0.28303176164627075
		*TM_ROW1 0.053856346756219864	0.7049572467803955	-0.7072020769119263
		*TM_ROW2 -0.3497922718524933	0.6766735315322876	0.6478875279426575
		*TM_ROW3 434.91363525390625	-220.96102905273438	712.1904907226562
		*TM_POS 434.91363525390625	-220.96102905273438	712.1904907226562
		*TM_ROTAXIS 0.9045248031616211	0.41362464427948	-0.10367976874113083
		*TM_ROTANGLE 0.8710006981560092
		*TM_SCALE 1	1	1
		*TM_SCALEAXIS 0	0	0
		*TM_SCALEAXISANG 0	0	0
	}
}
*HELPEROBJECT {
	*NODE_NAME "Bip01 Bone07"
	*NODE_PARENT "Bip01 Bone02"
	*NODE_TM {
		*NODE_NAME "Bip01 Bone07"
		*TM_ROW0 0.5318452715873718	0.7850367426872253	-0.3175813853740692
		*TM_ROW1 -0.49623703956604004	-0.014977283775806427	-0.868057906627655
		*TM_ROW2 -0.6862138509750366	0.6192681193351746	0.38159871101379395
		*TM_ROW3 140.54676818847656	-229.1890106201172	561.855224609375
		*TM_POS 140.54676818847656	-229.1890106201172	561.855224609375
		*TM_ROTAXIS 0.7446231842041016	0.18455421924591064	-0.6414640545845032
		*TM_ROTANGLE 1.621584809396217
		*TM_SCALE 1	1	1
		*TM_SCALEAXIS 0	0	0
		*TM_SCALEAXISANG 0	0	0
	}
}
*HELPEROBJECT {
	*NODE_NAME "Bip01 Bone08"
	*NODE_PARENT "Bip01 Bone07"
	*NODE_TM {
		*NODE_NAME "Bip01 Bone08"
		*TM_ROW0 0.36941850185394287	0.7486110329627991	-0.5505555868148804
		*TM_ROW1 -0.6266108155250549	-0.2368289828300476	-0.7424761652946472
		*TM_ROW2 -0.6862134337425232	0.619268536567688	0.3815987706184387
		*TM_ROW3 215.0818634033203	-119.17001342773438	517.3483276367188
		*TM_POS 215.0818634033203	-119.17001342773438	517.3483276367188
		*TM_ROTAXIS 0.7018941640853882	0.06992311030626297	-0.7088407874107361
		*TM_ROTANGLE 1.8161566552696295
		*TM_SCALE 1	1	1
		*TM_SCALEAXIS 0	0	0
		*TM_SCALEAXISANG 0	0	0
	}
}
*HELPEROBJECT {
	*NODE_NAME "Bip01 Bone09"
	*NODE_PARENT "Bip01 Bone08"
	*NODE_TM {
		*NODE_NAME "Bip01 Bone09"
		*TM_ROW0 0.2235727161169052	0.6787732243537903	-0.699487030506134
		*TM_ROW1 -0.6921899318695068	-0.39468178153038025	-0.604234516620636
		*TM_ROW2 -0.6862130165100098	0.6192682385444641	0.38159996271133423
		*TM_ROW3 250.97689819335938	-46.430999755859375	463.8533020019531
		*TM_POS 250.97689819335938	-46.430999755859375	463.8533020019531
		*TM_ROTAXIS 0.6658253073692322	-0.0072236754931509495	-0.7460727095603943
		*TM_ROTANGLE 1.9765970706661689
		*TM_SCALE 1	1	1
		*TM_SCALEAXIS 0	0	0
		*TM_SCALEAXISANG 0	0	0
	}
}
*HELPEROBJECT {
	*NODE_NAME "Bip01 Bone11"
	*NODE_PARENT "Bip01 Bone02"
	*NODE_TM {
		*NODE_NAME "Bip01 Bone11"
		*TM_ROW0 0.7263237237930298	0.6118568181991577	0.3131853938102722
		*TM_ROW1 -0.03953796625137329	0.4920762777328491	-0.8696537613868713
		*TM_ROW2 -0.6862146854400635	0.619267463684082	0.38159823417663574
		*TM_ROW3 140.54676818847656	-229.1890106201172	561.855224609375
		*TM_POS 140.54676818847656	-229.1890106201172	561.855224609375
		*TM_ROTAXIS 0.7804065942764282	0.523827850818634	-0.34142354130744934
		*TM_ROTANGLE 1.2661045387389098
		*TM_SCALE 1	1	1
		*TM_SCALEAXIS 0	0	0
		*TM_SCALEAXISANG 0	0	0
	}
}
*HELPEROBJECT {
	*NODE_NAME "Bip01 Bone12"
	*NODE_PARENT "Bip01 Bone11"
	*NODE_TM {
		*NODE_NAME "Bip01 Bone12"
		*TM_ROW0 0.702836811542511	0.6996549963951111	0.12846507132053375
		*TM_ROW1 -0.18743306398391724	0.35635608434677124	-0.9153574109077454
		*TM_ROW2 -0.6862136721611023	0.6192682981491089	0.38159865140914917
		*TM_ROW3 275.9427795410156	-115.13099670410156	620.2374267578125
		*TM_POS 275.9427795410156	-115.13099670410156	620.2374267578125
		*TM_ROTAXIS 0.7866563200950623	0.4176081418991089	-0.4547254741191864
		*TM_ROTANGLE 1.3485760857440694
		*TM_SCALE 1	1	1
		*TM_SCALEAXIS 0	0	0
		*TM_SCALEAXISANG 0	0	0
	}
}
*HELPEROBJECT {
	*NODE_NAME "Bip01 Bone13"
	*NODE_PARENT "Bip01 Bone12"
	*NODE_TM {
		*NODE_NAME "Bip01 Bone13"
		*TM_ROW0 0.6767202019691467	0.7358903288841248	0.02269778400659561
		*TM_ROW1 -0.26675960421562195	0.27381181716918945	-0.9240489602088928
		*TM_ROW2 -0.6862136125564575	0.6192677617073059	0.3815997838973999
		*TM_ROW3 358.9677734375	-32.480472564697266	635.4114379882812
		*TM_POS 358.9677734375	-32.480472564697266	635.4114379882812
		*TM_ROTAXIS 0.7825239896774292	0.3594467341899872	-0.5083840489387512
		*TM_ROTANGLE 1.403957446118407
		*TM_SCALE 1	1	1
		*TM_SCALEAXIS 0	0	0
		*TM_SCALEAXISANG 0	0	0
	}
}
*HELPEROBJECT {
	*NODE_NAME "Bip01 L Thigh"
	*NODE_PARENT "Bip01 Spine"
	*NODE_TM {
		*NODE_NAME "Bip01 L Thigh"
		*TM_ROW0 0.6946480870246887	-0.5772161483764648	-0.429284930229187
		*TM_ROW1 0.1860390603542328	-0.43231120705604553	0.8823245763778687
		*TM_ROW2 -0.6948766112327576	-0.6927688717842102	-0.19291944801807404
		*TM_ROW3 32.858097076416016	-83.55780029296875	157.20599365234375
		*TM_POS 32.858097076416016	-83.55780029296875	157.20599365234375
		*TM_ROTAXIS -0.8897247910499573	0.15002506971359253	0.43114081025123596
		*TM_ROTANGLE 2.054759810633168
		*TM_SCALE 1	1	1
		*TM_SCALEAXIS 0	0	0
		*TM_SCALEAXISANG 0	0	0
	}
}
*HELPEROBJECT {
	*NODE_NAME "Bip01 L Calf"
	*NODE_PARENT "Bip01 L Thigh"
	*NODE_TM {
		*NODE_NAME "Bip01 L Calf"
		*TM_ROW0 -0.41262438893318176	0.6043486595153809	-0.6814615726470947
		*TM_ROW1 0.5883705615997314	-0.3941945731639862	-0.7059166431427002
		*TM_ROW2 -0.6953037977218628	-0.6922867298126221	-0.19286160171031952
		*TM_ROW3 107.86395263671875	-145.8839874267578	110.85401916503906
		*TM_POS 107.86395263671875	-145.8839874267578	110.85401916503906
		*TM_ROTAXIS 0.5418667197227478	0.5503042936325073	-0.6352206468582153
		*TM_ROTANGLE 3.1290154742661884
		*TM_SCALE 1	1	1
		*TM_SCALEAXIS 0	0	0
		*TM_SCALEAXISANG 0	0	0
	}
}
*HELPEROBJECT {
	*NODE_NAME "Bip01 L Foot"
	*NODE_PARENT "Bip01 L Calf"
	*NODE_TM {
		*NODE_NAME "Bip01 L Foot"
		*TM_ROW0 -0.04822981730103493	0.617808997631073	-0.7848466038703918
		*TM_ROW1 0.23003432154655457	-0.7577677965164185	-0.610630214214325
		*TM_ROW2 -0.9719857573509216	-0.209992915391922	-0.10556886345148087
		*TM_ROW3 73.37318420410156	-95.45142364501953	53.98465347290039
		*TM_POS 73.37318420410156	-95.45142364501953	53.98465347290039
		*TM_ROTAXIS 0.6812014579772949	0.318191796541214	-0.6593312621116638
		*TM_ROTANGLE 2.8431137901700985
		*TM_SCALE 1	1	1
		*TM_SCALEAXIS 0	0	0
		*TM_SCALEAXISANG 0	0	0
	}
}
*HELPEROBJECT {
	*NODE_NAME "Bip01 L Toe0"
	*NODE_PARENT "Bip01 L Foot"
	*NODE_TM {
		*NODE_NAME "Bip01 L Toe0"
		*TM_ROW0 0.28917041420936584	-0.9566806554794312	-0.03379980847239494
		*TM_ROW1 -0.07793552428483963	-0.05871869996190071	0.995227575302124
		*TM_ROW2 -0.9540997743606567	-0.28515610098838806	-0.09153904765844345
		*TM_ROW3 91.58879852294922	-114.91802978515625	12.721776962280273
		*TM_POS 91.58879852294922	-114.91802978515625	12.721776962280273
		*TM_ROTAXIS -0.7092990875244141	0.5098221302032471	0.4868018329143524
		*TM_ROTANGLE 2.0158915948232674
		*TM_SCALE 1	1	1
		*TM_SCALEAXIS 0	0	0
		*TM_SCALEAXISANG 0	0	0
	}
}
*HELPEROBJECT {
	*NODE_NAME "Bip01 L Toe0Nub"
	*NODE_PARENT "Bip01 L Toe0"
	*NODE_TM {
		*NODE_NAME "Bip01 L Toe0Nub"
		*TM_ROW0 -0.28917017579078674	0.9566807746887207	0.03379993885755539
		*TM_ROW1 0.0779353603720665	0.05871891975402832	-0.9952276349067688
		*TM_ROW2 -0.9540998935699463	-0.2851559817790985	-0.09153896570205688
		*TM_ROW3 103.25298309326172	-153.5070343017578	11.35838508605957
		*TM_POS 103.25298309326172	-153.5070343017578	11.35838508605957
		*TM_ROTAXIS 0.47313499450683594	0.6582574844360352	-0.5855256915092468
		*TM_ROTANGLE 2.292940549919048
		*TM_SCALE 1	1	1
		*TM_SCALEAXIS 0	0	0
